-2.995000000000000107e+00 2.000000000000000111e-01 8.000000000000000444e-01 9.000000000000000222e-01
-2.985000000000000320e+00 2.000000000000000111e-01 8.000000000000000444e-01 9.000000000000000222e-01
-2.975000000000000089e+00 2.000000000000000111e-01 8.000000000000000444e-01 9.000000000000000222e-01
-2.965000000000000302e+00 2.000000000000000111e-01 8.000000000000000444e-01 9.000000000000000222e-01
-2.955000000000000071e+00 2.000000000000000111e-01 8.000000000000000444e-01 9.000000000000000222e-01
-2.945000000000000284e+00 2.000000000000000111e-01 8.000000000000000444e-01 9.000000000000000222e-01
-2.935000000000000053e+00 2.000000000000000111e-01 8.000000000000000444e-01 9.000000000000000222e-01
-2.925000000000000266e+00 2.000000000000000111e-01 8.000000000000000444e-01 9.000000000000000222e-01
-2.915000000000000036e+00 2.000000000000000111e-01 8.000000000000000444e-01 9.000000000000000222e-01
-2.905000000000000249e+00 2.000000000000000111e-01 8.000000000000000444e-01 9.000000000000000222e-01
-2.895000000000000018e+00 2.000000000000000111e-01 8.000000000000000444e-01 9.000000000000000222e-01
-2.885000000000000231e+00 2.000000000000000111e-01 8.000000000000000444e-01 9.000000000000000222e-01
-2.875000000000000000e+00 2.000000000000000111e-01 8.000000000000000444e-01 9.000000000000000222e-01
-2.865000000000000213e+00 2.000000000000000111e-01 8.000000000000000444e-01 9.000000000000000222e-01
-2.854999999999999982e+00 2.000000000000000111e-01 8.000000000000000444e-01 9.000000000000000222e-01
-2.845000000000000195e+00 2.000000000000000111e-01 8.000000000000000444e-01 9.000000000000000222e-01
-2.834999999999999964e+00 2.000000000000000111e-01 8.000000000000000444e-01 9.000000000000000222e-01
-2.825000000000000178e+00 2.000000000000000111e-01 8.000000000000000444e-01 9.000000000000000222e-01
-2.814999999999999947e+00 2.000000000000000111e-01 8.000000000000000444e-01 9.000000000000000222e-01
-2.805000000000000160e+00 2.000000000000000111e-01 8.000000000000000444e-01 9.000000000000000222e-01
-2.794999999999999929e+00 2.000000000000000111e-01 8.000000000000000444e-01 9.000000000000000222e-01
-2.785000000000000142e+00 2.000000000000000111e-01 8.000000000000000444e-01 9.000000000000000222e-01
-2.774999999999999911e+00 2.000000000000000111e-01 8.000000000000000444e-01 9.000000000000000222e-01
-2.765000000000000124e+00 2.000000000000000111e-01 8.000000000000000444e-01 9.000000000000000222e-01
-2.754999999999999893e+00 2.000000000000000111e-01 8.000000000000000444e-01 9.000000000000000222e-01
-2.745000000000000107e+00 2.000000000000000111e-01 8.000000000000000444e-01 9.000000000000000222e-01
-2.735000000000000320e+00 2.000000000000000111e-01 8.000000000000000444e-01 9.000000000000000222e-01
-2.725000000000000089e+00 2.000000000000000111e-01 8.000000000000000444e-01 9.000000000000000222e-01
-2.714999999999999858e+00 2.000000000000000111e-01 8.000000000000000444e-01 9.000000000000000222e-01
-2.705000000000000071e+00 2.000000000000000111e-01 8.000000000000000444e-01 9.000000000000000222e-01
-2.695000000000000284e+00 2.000000000000000111e-01 8.000000000000000444e-01 9.000000000000000222e-01
-2.685000000000000053e+00 2.000000000000000111e-01 8.000000000000000444e-01 9.000000000000000222e-01
-2.675000000000000266e+00 2.000000000000000111e-01 8.000000000000000444e-01 9.000000000000000222e-01
-2.665000000000000036e+00 2.000000000000000111e-01 8.000000000000000444e-01 9.000000000000000222e-01
-2.655000000000000249e+00 2.000000000000000111e-01 8.000000000000000444e-01 9.000000000000000222e-01
-2.645000000000000018e+00 2.000000000000000111e-01 8.000000000000000444e-01 9.000000000000000222e-01
-2.635000000000000231e+00 2.000000000000000111e-01 8.000000000000000444e-01 9.000000000000000222e-01
-2.625000000000000000e+00 2.000000000000000111e-01 8.000000000000000444e-01 9.000000000000000222e-01
-2.615000000000000213e+00 2.000000000000000111e-01 8.000000000000000444e-01 9.000000000000000222e-01
-2.604999999999999982e+00 2.000000000000000111e-01 8.000000000000000444e-01 9.000000000000000222e-01
-2.595000000000000195e+00 2.000000000000000111e-01 8.000000000000000444e-01 9.000000000000000222e-01
-2.584999999999999964e+00 2.000000000000000111e-01 8.000000000000000444e-01 9.000000000000000222e-01
-2.575000000000000178e+00 2.000000000000000111e-01 8.000000000000000444e-01 9.000000000000000222e-01
-2.564999999999999947e+00 2.000000000000000111e-01 8.000000000000000444e-01 9.000000000000000222e-01
-2.555000000000000160e+00 2.000000000000000111e-01 8.000000000000000444e-01 9.000000000000000222e-01
-2.544999999999999929e+00 2.000000000000000111e-01 8.000000000000000444e-01 9.000000000000000222e-01
-2.535000000000000142e+00 2.000000000000000111e-01 8.000000000000000444e-01 9.000000000000000222e-01
-2.524999999999999911e+00 2.000000000000000111e-01 8.000000000000000444e-01 9.000000000000000222e-01
-2.515000000000000124e+00 2.000000000000000111e-01 8.000000000000000444e-01 9.000000000000000222e-01
-2.504999999999999893e+00 2.000000000000000111e-01 8.000000000000000444e-01 9.000000000000000222e-01
-2.495000000000000107e+00 2.000000000000000111e-01 8.000000000000000444e-01 9.000000000000000222e-01
-2.485000000000000320e+00 2.000000000000000111e-01 8.000000000000000444e-01 9.000000000000000222e-01
-2.475000000000000089e+00 2.000000000000000111e-01 8.000000000000000444e-01 9.000000000000000222e-01
-2.464999999999999858e+00 2.000000000000000111e-01 8.000000000000000444e-01 9.000000000000000222e-01
-2.455000000000000071e+00 2.000000000000000111e-01 8.000000000000000444e-01 9.000000000000000222e-01
-2.445000000000000284e+00 2.000000000000000111e-01 8.000000000000000444e-01 9.000000000000000222e-01
-2.435000000000000053e+00 2.000000000000000111e-01 8.000000000000000444e-01 9.000000000000000222e-01
-2.424999999999999822e+00 2.000000000000000111e-01 8.000000000000000444e-01 9.000000000000000222e-01
-2.415000000000000036e+00 2.000000000000000111e-01 8.000000000000000444e-01 9.000000000000000222e-01
-2.405000000000000249e+00 2.000000000000000111e-01 8.000000000000000444e-01 9.000000000000000222e-01
-2.395000000000000018e+00 2.000000000000000111e-01 8.000000000000000444e-01 9.000000000000000222e-01
-2.385000000000000231e+00 2.000000000000000111e-01 8.000000000000000444e-01 9.000000000000000222e-01
-2.375000000000000000e+00 2.000000000000000111e-01 8.000000000000000444e-01 9.000000000000000222e-01
-2.365000000000000213e+00 2.000000000000000111e-01 8.000000000000000444e-01 9.000000000000000222e-01
-2.354999999999999982e+00 2.000000000000000111e-01 8.000000000000000444e-01 9.000000000000000222e-01
-2.345000000000000195e+00 2.000000000000000111e-01 8.000000000000000444e-01 9.000000000000000222e-01
-2.334999999999999964e+00 2.000000000000000111e-01 8.000000000000000444e-01 9.000000000000000222e-01
-2.325000000000000178e+00 2.000000000000000111e-01 8.000000000000000444e-01 9.000000000000000222e-01
-2.314999999999999947e+00 2.000000000000000111e-01 8.000000000000000444e-01 9.000000000000000222e-01
-2.305000000000000160e+00 2.000000000000000111e-01 8.000000000000000444e-01 9.000000000000000222e-01
-2.294999999999999929e+00 2.000000000000000111e-01 8.000000000000000444e-01 9.000000000000000222e-01
-2.285000000000000142e+00 2.000000000000000111e-01 8.000000000000000444e-01 9.000000000000000222e-01
-2.275000000000000355e+00 2.000000000000000111e-01 8.000000000000000444e-01 9.000000000000000222e-01
-2.265000000000000124e+00 2.000000000000000111e-01 8.000000000000000444e-01 9.000000000000000222e-01
-2.254999999999999893e+00 2.000000000000000111e-01 8.000000000000000444e-01 9.000000000000000222e-01
-2.245000000000000107e+00 2.000000000000000111e-01 8.000000000000000444e-01 9.000000000000000222e-01
-2.235000000000000320e+00 2.000000000000000111e-01 8.000000000000000444e-01 9.000000000000000222e-01
-2.225000000000000089e+00 2.000000000000000111e-01 8.000000000000000444e-01 9.000000000000000222e-01
-2.214999999999999858e+00 2.000000000000000111e-01 8.000000000000000444e-01 9.000000000000000222e-01
-2.205000000000000071e+00 2.000000000000000111e-01 8.000000000000000444e-01 9.000000000000000222e-01
-2.195000000000000284e+00 2.000000000000000111e-01 8.000000000000000444e-01 9.000000000000000222e-01
-2.185000000000000053e+00 2.000000000000000111e-01 8.000000000000000444e-01 9.000000000000000222e-01
-2.174999999999999822e+00 2.000000000000000111e-01 8.000000000000000444e-01 9.000000000000000222e-01
-2.165000000000000036e+00 2.000000000000000111e-01 8.000000000000000444e-01 9.000000000000000222e-01
-2.155000000000000249e+00 2.000000000000000111e-01 8.000000000000000444e-01 9.000000000000000222e-01
-2.145000000000000018e+00 2.000000000000000111e-01 8.000000000000000444e-01 9.000000000000000222e-01
-2.135000000000000231e+00 2.000000000000000111e-01 8.000000000000000444e-01 9.000000000000000222e-01
-2.125000000000000000e+00 2.000000000000000111e-01 8.000000000000000444e-01 9.000000000000000222e-01
-2.115000000000000213e+00 2.000000000000000111e-01 8.000000000000000444e-01 9.000000000000000222e-01
-2.104999999999999982e+00 2.000000000000000111e-01 8.000000000000000444e-01 9.000000000000000222e-01
-2.095000000000000195e+00 2.000000000000000111e-01 8.000000000000000444e-01 9.000000000000000222e-01
-2.084999999999999964e+00 2.000000000000000111e-01 8.000000000000000444e-01 9.000000000000000222e-01
-2.075000000000000178e+00 2.000000000000000111e-01 8.000000000000000444e-01 9.000000000000000222e-01
-2.064999999999999947e+00 2.000000000000000111e-01 8.000000000000000444e-01 9.000000000000000222e-01
-2.055000000000000160e+00 2.000000000000000111e-01 8.000000000000000444e-01 9.000000000000000222e-01
-2.044999999999999929e+00 2.000000000000000111e-01 8.000000000000000444e-01 9.000000000000000222e-01
-2.035000000000000142e+00 2.000000000000000111e-01 8.000000000000000444e-01 9.000000000000000222e-01
-2.025000000000000355e+00 2.000000000000000111e-01 8.000000000000000444e-01 9.000000000000000222e-01
-2.015000000000000124e+00 2.000000000000000111e-01 8.000000000000000444e-01 9.000000000000000222e-01
-2.004999999999999893e+00 2.000000000000000111e-01 8.000000000000000444e-01 9.000000000000000222e-01
-1.995000000000000107e+00 2.000000000000000111e-01 8.000000000000000444e-01 9.000000000000000222e-01
-1.985000000000000098e+00 2.000000000000000111e-01 8.000000000000000444e-01 9.000000000000000222e-01
-1.975000000000000089e+00 2.000000000000000111e-01 8.000000000000000444e-01 9.000000000000000222e-01
-1.965000000000000080e+00 2.000000000000000111e-01 8.000000000000000444e-01 9.000000000000000222e-01
-1.955000000000000071e+00 2.000000000000000111e-01 8.000000000000000444e-01 9.000000000000000222e-01
-1.945000000000000062e+00 2.000000000000000111e-01 8.000000000000000444e-01 9.000000000000000222e-01
-1.935000000000000053e+00 2.000000000000000111e-01 8.000000000000000444e-01 9.000000000000000222e-01
-1.925000000000000044e+00 2.000000000000000111e-01 8.000000000000000444e-01 9.000000000000000222e-01
-1.915000000000000036e+00 2.000000000000000111e-01 8.000000000000000444e-01 9.000000000000000222e-01
-1.905000000000000027e+00 2.000000000000000111e-01 8.000000000000000444e-01 9.000000000000000222e-01
-1.895000000000000018e+00 2.000000000000000111e-01 8.000000000000000444e-01 9.000000000000000222e-01
-1.885000000000000009e+00 2.000000000000000111e-01 8.000000000000000444e-01 9.000000000000000222e-01
-1.875000000000000000e+00 2.000000000000000111e-01 8.000000000000000444e-01 9.000000000000000222e-01
-1.864999999999999991e+00 2.000000000000000111e-01 8.000000000000000444e-01 9.000000000000000222e-01
-1.854999999999999982e+00 2.000000000000000111e-01 8.000000000000000444e-01 9.000000000000000222e-01
-1.844999999999999973e+00 2.000000000000000111e-01 8.000000000000000444e-01 9.000000000000000222e-01
-1.835000000000000187e+00 2.000000000000000111e-01 8.000000000000000444e-01 9.000000000000000222e-01
-1.825000000000000178e+00 2.000000000000000111e-01 8.000000000000000444e-01 9.000000000000000222e-01
-1.815000000000000169e+00 2.000000000000000111e-01 8.000000000000000444e-01 9.000000000000000222e-01
-1.805000000000000160e+00 2.000000000000000111e-01 8.000000000000000444e-01 9.000000000000000222e-01
-1.795000000000000151e+00 2.000000000000000111e-01 8.000000000000000444e-01 9.000000000000000222e-01
-1.785000000000000142e+00 2.000000000000000111e-01 8.000000000000000444e-01 9.000000000000000222e-01
-1.775000000000000133e+00 2.000000000000000111e-01 8.000000000000000444e-01 9.000000000000000222e-01
-1.765000000000000124e+00 2.000000000000000111e-01 8.000000000000000444e-01 9.000000000000000222e-01
-1.755000000000000115e+00 2.000000000000000111e-01 8.000000000000000444e-01 9.000000000000000222e-01
-1.745000000000000107e+00 2.000000000000000111e-01 8.000000000000000444e-01 9.000000000000000222e-01
-1.735000000000000098e+00 2.000000000000000111e-01 8.000000000000000444e-01 9.000000000000000222e-01
-1.725000000000000089e+00 2.000000000000000111e-01 8.000000000000000444e-01 9.000000000000000222e-01
-1.715000000000000080e+00 2.000000000000000111e-01 8.000000000000000444e-01 9.000000000000000222e-01
-1.705000000000000071e+00 2.000000000000000111e-01 8.000000000000000444e-01 9.000000000000000222e-01
-1.695000000000000062e+00 2.000000000000000111e-01 8.000000000000000444e-01 9.000000000000000222e-01
-1.685000000000000053e+00 2.000000000000000111e-01 8.000000000000000444e-01 9.000000000000000222e-01
-1.675000000000000044e+00 2.000000000000000111e-01 8.000000000000000444e-01 9.000000000000000222e-01
-1.665000000000000036e+00 2.000000000000000111e-01 8.000000000000000444e-01 9.000000000000000222e-01
-1.655000000000000027e+00 2.000000000000000111e-01 8.000000000000000444e-01 9.000000000000000222e-01
-1.645000000000000018e+00 2.000000000000000111e-01 8.000000000000000444e-01 9.000000000000000222e-01
-1.635000000000000009e+00 2.000000000000000111e-01 8.000000000000000444e-01 9.000000000000000222e-01
-1.625000000000000000e+00 2.000000000000000111e-01 8.000000000000000444e-01 9.000000000000000222e-01
-1.614999999999999991e+00 2.000000000000000111e-01 8.000000000000000444e-01 9.000000000000000222e-01
-1.604999999999999982e+00 2.000000000000000111e-01 8.000000000000000444e-01 9.000000000000000222e-01
-1.594999999999999973e+00 2.000000000000000111e-01 8.000000000000000444e-01 9.000000000000000222e-01
-1.585000000000000187e+00 2.000000000000000111e-01 8.000000000000000444e-01 9.000000000000000222e-01
-1.575000000000000178e+00 2.000000000000000111e-01 8.000000000000000444e-01 9.000000000000000222e-01
-1.565000000000000169e+00 2.000000000000000111e-01 8.000000000000000444e-01 9.000000000000000222e-01
-1.555000000000000160e+00 2.000000000000000111e-01 8.000000000000000444e-01 9.000000000000000222e-01
-1.545000000000000151e+00 2.000000000000000111e-01 8.000000000000000444e-01 9.000000000000000222e-01
-1.535000000000000142e+00 2.000000000000000111e-01 8.000000000000000444e-01 9.000000000000000222e-01
-1.525000000000000133e+00 2.000000000000000111e-01 8.000000000000000444e-01 9.000000000000000222e-01
-1.515000000000000124e+00 2.000000000000000111e-01 8.000000000000000444e-01 9.000000000000000222e-01
-1.505000000000000115e+00 2.000000000000000111e-01 8.000000000000000444e-01 9.000000000000000222e-01
-1.495000000000000107e+00 2.000000000000000111e-01 8.000000000000000444e-01 9.000000000000000222e-01
-1.485000000000000098e+00 2.000000000000000111e-01 8.000000000000000444e-01 9.000000000000000222e-01
-1.475000000000000089e+00 2.000000000000000111e-01 8.000000000000000444e-01 9.000000000000000222e-01
-1.465000000000000080e+00 2.000000000000000111e-01 8.000000000000000444e-01 9.000000000000000222e-01
-1.455000000000000071e+00 2.000000000000000111e-01 8.000000000000000444e-01 9.000000000000000222e-01
-1.445000000000000062e+00 2.000000000000000111e-01 8.000000000000000444e-01 9.000000000000000222e-01
-1.435000000000000053e+00 2.000000000000000111e-01 8.000000000000000444e-01 9.000000000000000222e-01
-1.425000000000000044e+00 2.000000000000000111e-01 8.000000000000000444e-01 9.000000000000000222e-01
-1.415000000000000036e+00 2.000000000000000111e-01 8.000000000000000444e-01 9.000000000000000222e-01
-1.405000000000000027e+00 2.000000000000000111e-01 8.000000000000000444e-01 9.000000000000000222e-01
-1.395000000000000018e+00 2.000000000000000111e-01 8.000000000000000444e-01 9.000000000000000222e-01
-1.385000000000000009e+00 2.000000000000000111e-01 8.000000000000000444e-01 9.000000000000000222e-01
-1.375000000000000000e+00 2.000000000000000111e-01 8.000000000000000444e-01 9.000000000000000222e-01
-1.364999999999999991e+00 2.000000000000000111e-01 8.000000000000000444e-01 9.000000000000000222e-01
-1.354999999999999982e+00 2.000000000000000111e-01 8.000000000000000444e-01 9.000000000000000222e-01
-1.344999999999999973e+00 2.000000000000000111e-01 8.000000000000000444e-01 9.000000000000000222e-01
-1.334999999999999964e+00 2.000000000000000111e-01 8.000000000000000444e-01 9.000000000000000222e-01
-1.325000000000000178e+00 2.000000000000000111e-01 8.000000000000000444e-01 9.000000000000000222e-01
-1.315000000000000169e+00 2.000000000000000111e-01 8.000000000000000444e-01 9.000000000000000222e-01
-1.305000000000000160e+00 2.000000000000000111e-01 8.000000000000000444e-01 9.000000000000000222e-01
-1.295000000000000151e+00 2.000000000000000111e-01 8.000000000000000444e-01 9.000000000000000222e-01
-1.285000000000000142e+00 2.000000000000000111e-01 8.000000000000000444e-01 9.000000000000000222e-01
-1.275000000000000133e+00 2.000000000000000111e-01 8.000000000000000444e-01 9.000000000000000222e-01
-1.265000000000000124e+00 2.000000000000000111e-01 8.000000000000000444e-01 9.000000000000000222e-01
-1.255000000000000115e+00 2.000000000000000111e-01 8.000000000000000444e-01 9.000000000000000222e-01
-1.245000000000000107e+00 2.000000000000000111e-01 8.000000000000000444e-01 9.000000000000000222e-01
-1.235000000000000098e+00 2.000000000000000111e-01 8.000000000000000444e-01 9.000000000000000222e-01
-1.225000000000000089e+00 2.000000000000000111e-01 8.000000000000000444e-01 9.000000000000000222e-01
-1.215000000000000080e+00 2.000000000000000111e-01 8.000000000000000444e-01 9.000000000000000222e-01
-1.205000000000000071e+00 2.000000000000000111e-01 8.000000000000000444e-01 9.000000000000000222e-01
-1.195000000000000062e+00 2.000000000000000111e-01 8.000000000000000444e-01 9.000000000000000222e-01
-1.185000000000000053e+00 2.000000000000000111e-01 8.000000000000000444e-01 9.000000000000000222e-01
-1.175000000000000044e+00 2.000000000000000111e-01 8.000000000000000444e-01 9.000000000000000222e-01
-1.165000000000000036e+00 2.000000000000000111e-01 8.000000000000000444e-01 9.000000000000000222e-01
-1.155000000000000027e+00 2.000000000000000111e-01 8.000000000000000444e-01 9.000000000000000222e-01
-1.145000000000000018e+00 2.000000000000000111e-01 8.000000000000000444e-01 9.000000000000000222e-01
-1.135000000000000009e+00 2.000000000000000111e-01 8.000000000000000444e-01 9.000000000000000222e-01
-1.125000000000000000e+00 2.000000000000000111e-01 8.000000000000000444e-01 9.000000000000000222e-01
-1.114999999999999991e+00 2.000000000000000111e-01 8.000000000000000444e-01 9.000000000000000222e-01
-1.104999999999999982e+00 2.000000000000000111e-01 8.000000000000000444e-01 9.000000000000000222e-01
-1.094999999999999973e+00 2.000000000000000111e-01 8.000000000000000444e-01 9.000000000000000222e-01
-1.084999999999999964e+00 2.000000000000000111e-01 8.000000000000000444e-01 9.000000000000000222e-01
-1.075000000000000178e+00 2.000000000000000111e-01 8.000000000000000444e-01 9.000000000000000222e-01
-1.065000000000000169e+00 2.000000000000000111e-01 8.000000000000000444e-01 9.000000000000000222e-01
-1.055000000000000160e+00 2.000000000000000111e-01 8.000000000000000444e-01 9.000000000000000222e-01
-1.045000000000000151e+00 2.000000000000000111e-01 8.000000000000000444e-01 9.000000000000000222e-01
-1.035000000000000142e+00 2.000000000000000111e-01 8.000000000000000444e-01 9.000000000000000222e-01
-1.025000000000000133e+00 2.000000000000000111e-01 8.000000000000000444e-01 9.000000000000000222e-01
-1.015000000000000124e+00 2.000000000000000111e-01 8.000000000000000444e-01 9.000000000000000222e-01
-1.005000000000000115e+00 2.000000000000000111e-01 8.000000000000000444e-01 9.000000000000000222e-01
-9.949999999999999956e-01 2.000000000000000111e-01 8.000000000000000444e-01 9.000000000000000222e-01
-9.849999999999997646e-01 2.000000000000000111e-01 8.000000000000000444e-01 9.000000000000000222e-01
-9.749999999999999778e-01 2.000000000000000111e-01 8.000000000000000444e-01 9.000000000000000222e-01
-9.649999999999997469e-01 2.000000000000000111e-01 8.000000000000000444e-01 9.000000000000000222e-01
-9.549999999999999600e-01 2.000000000000000111e-01 8.000000000000000444e-01 9.000000000000000222e-01
-9.450000000000001732e-01 2.000000000000000111e-01 8.000000000000000444e-01 9.000000000000000222e-01
-9.349999999999999423e-01 2.000000000000000111e-01 8.000000000000000444e-01 9.000000000000000222e-01
-9.250000000000001554e-01 2.000000000000000111e-01 8.000000000000000444e-01 9.000000000000000222e-01
-9.149999999999999245e-01 2.000000000000000111e-01 8.000000000000000444e-01 9.000000000000000222e-01
-9.050000000000001377e-01 2.000000000000000111e-01 8.000000000000000444e-01 9.000000000000000222e-01
-8.949999999999999067e-01 2.000000000000000111e-01 8.000000000000000444e-01 9.000000000000000222e-01
-8.850000000000001199e-01 2.000000000000000111e-01 8.000000000000000444e-01 9.000000000000000222e-01
-8.749999999999998890e-01 2.000000000000000111e-01 8.000000000000000444e-01 9.000000000000000222e-01
-8.650000000000001021e-01 2.000000000000000111e-01 8.000000000000000444e-01 9.000000000000000222e-01
-8.549999999999998712e-01 2.000000000000000111e-01 8.000000000000000444e-01 9.000000000000000222e-01
-8.450000000000000844e-01 2.000000000000000111e-01 8.000000000000000444e-01 9.000000000000000222e-01
-8.349999999999998535e-01 2.000000000000000111e-01 8.000000000000000444e-01 9.000000000000000222e-01
-8.250000000000000666e-01 2.000000000000000111e-01 8.000000000000000444e-01 9.000000000000000222e-01
-8.149999999999998357e-01 2.000000000000000111e-01 8.000000000000000444e-01 9.000000000000000222e-01
-8.050000000000000488e-01 2.000000000000000111e-01 8.000000000000000444e-01 9.000000000000000222e-01
-7.949999999999998179e-01 2.000000000000000111e-01 8.000000000000000444e-01 9.000000000000000222e-01
-7.850000000000000311e-01 2.000000000000000111e-01 8.000000000000000444e-01 9.000000000000000222e-01
-7.749999999999998002e-01 2.000000000000000111e-01 8.000000000000000444e-01 9.000000000000000222e-01
-7.650000000000000133e-01 2.000000000000000111e-01 8.000000000000000444e-01 9.000000000000000222e-01
-7.549999999999997824e-01 2.000000000000000111e-01 8.000000000000000444e-01 9.000000000000000222e-01
-7.449999999999999956e-01 2.000000000000000111e-01 8.000000000000000444e-01 9.000000000000000222e-01
-7.349999999999997646e-01 2.000000000000000111e-01 8.000000000000000444e-01 9.000000000000000222e-01
-7.249999999999999778e-01 2.000000000000000111e-01 8.000000000000000444e-01 9.000000000000000222e-01
-7.149999999999997469e-01 2.000000000000000111e-01 8.000000000000000444e-01 9.000000000000000222e-01
-7.049999999999999600e-01 2.000000000000000111e-01 8.000000000000000444e-01 9.000000000000000222e-01
-6.949999999999997291e-01 2.000000000000000111e-01 8.000000000000000444e-01 9.000000000000000222e-01
-6.849999999999999423e-01 2.000000000000000111e-01 8.000000000000000444e-01 9.000000000000000222e-01
-6.750000000000001554e-01 2.000000000000000111e-01 8.000000000000000444e-01 9.000000000000000222e-01
-6.649999999999999245e-01 2.000000000000000111e-01 8.000000000000000444e-01 9.000000000000000222e-01
-6.550000000000001377e-01 2.000000000000000111e-01 8.000000000000000444e-01 9.000000000000000222e-01
-6.449999999999999067e-01 2.000000000000000111e-01 8.000000000000000444e-01 9.000000000000000222e-01
-6.350000000000001199e-01 2.000000000000000111e-01 8.000000000000000444e-01 9.000000000000000222e-01
-6.249999999999998890e-01 2.000000000000000111e-01 8.000000000000000444e-01 9.000000000000000222e-01
-6.150000000000001021e-01 2.000000000000000111e-01 8.000000000000000444e-01 9.000000000000000222e-01
-6.049999999999998712e-01 2.000000000000000111e-01 8.000000000000000444e-01 9.000000000000000222e-01
-5.950000000000000844e-01 2.000000000000000111e-01 8.000000000000000444e-01 9.000000000000000222e-01
-5.849999999999998535e-01 2.000000000000000111e-01 8.000000000000000444e-01 9.000000000000000222e-01
-5.750000000000000666e-01 2.000000000000000111e-01 8.000000000000000444e-01 9.000000000000000222e-01
-5.649999999999998357e-01 2.000000000000000111e-01 8.000000000000000444e-01 9.000000000000000222e-01
-5.550000000000000488e-01 2.000000000000000111e-01 8.000000000000000444e-01 9.000000000000000222e-01
-5.449999999999998179e-01 2.000000000000000111e-01 8.000000000000000444e-01 9.000000000000000222e-01
-5.350000000000000311e-01 2.000000000000000111e-01 8.000000000000000444e-01 9.000000000000000222e-01
-5.249999999999998002e-01 2.000000000000000111e-01 8.000000000000000444e-01 9.000000000000000222e-01
-5.150000000000000133e-01 2.000000000000000111e-01 8.000000000000000444e-01 9.000000000000000222e-01
-5.049999999999997824e-01 2.000000000000000111e-01 8.000000000000000444e-01 9.000000000000000222e-01
-4.949999999999999956e-01 2.000000000000000111e-01 8.000000000000000444e-01 9.000000000000000222e-01
-4.849999999999997646e-01 2.000000000000000111e-01 8.000000000000000444e-01 9.000000000000000222e-01
-4.749999999999999778e-01 2.000000000000000111e-01 8.000000000000000444e-01 9.000000000000000222e-01
-4.649999999999997469e-01 2.000000000000000111e-01 8.000000000000000444e-01 9.000000000000000222e-01
-4.549999999999999600e-01 2.000000000000000111e-01 8.000000000000000444e-01 9.000000000000000222e-01
-4.449999999999997291e-01 2.000000000000000111e-01 8.000000000000000444e-01 9.000000000000000222e-01
-4.349999999999999423e-01 2.000000000000000111e-01 8.000000000000000444e-01 9.000000000000000222e-01
-4.250000000000001554e-01 2.000000000000000111e-01 8.000000000000000444e-01 9.000000000000000222e-01
-4.149999999999999245e-01 2.000000000000000111e-01 8.000000000000000444e-01 9.000000000000000222e-01
-4.050000000000001377e-01 2.000000000000000111e-01 8.000000000000000444e-01 9.000000000000000222e-01
-3.949999999999999067e-01 2.000000000000000111e-01 8.000000000000000444e-01 9.000000000000000222e-01
-3.850000000000001199e-01 2.000000000000000111e-01 8.000000000000000444e-01 9.000000000000000222e-01
-3.749999999999998890e-01 2.000000000000000111e-01 8.000000000000000444e-01 9.000000000000000222e-01
-3.650000000000001021e-01 2.000000000000000111e-01 8.000000000000000444e-01 9.000000000000000222e-01
-3.549999999999998712e-01 2.000000000000000111e-01 8.000000000000000444e-01 9.000000000000000222e-01
-3.450000000000000844e-01 2.000000000000000111e-01 8.000000000000000444e-01 9.000000000000000222e-01
-3.349999999999998535e-01 2.000000000000000111e-01 8.000000000000000444e-01 9.000000000000000222e-01
-3.250000000000000666e-01 2.000000000000000111e-01 8.000000000000000444e-01 9.000000000000000222e-01
-3.149999999999998357e-01 2.000000000000000111e-01 8.000000000000000444e-01 9.000000000000000222e-01
-3.050000000000000488e-01 2.000000000000000111e-01 8.000000000000000444e-01 9.000000000000000222e-01
-2.949999999999998179e-01 2.000000000000000111e-01 8.000000000000000444e-01 9.000000000000000222e-01
-2.850000000000000311e-01 2.000000000000000111e-01 8.000000000000000444e-01 9.000000000000000222e-01
-2.749999999999998002e-01 2.000000000000000111e-01 8.000000000000000444e-01 9.000000000000000222e-01
-2.650000000000000133e-01 2.000000000000000111e-01 8.000000000000000444e-01 9.000000000000000222e-01
-2.549999999999997824e-01 2.000000000000000111e-01 8.000000000000000444e-01 9.000000000000000222e-01
-2.449999999999999956e-01 2.000000000000000111e-01 8.000000000000000444e-01 9.000000000000000222e-01
-2.349999999999997646e-01 2.000000000000000111e-01 8.000000000000000444e-01 9.000000000000000222e-01
-2.249999999999999778e-01 2.000000000000000111e-01 8.000000000000000444e-01 9.000000000000000222e-01
-2.149999999999997469e-01 2.000000000000000111e-01 8.000000000000000444e-01 9.000000000000000222e-01
-2.049999999999999600e-01 2.000000000000000111e-01 8.000000000000000444e-01 9.000000000000000222e-01
-1.949999999999997291e-01 2.000000000000000111e-01 8.000000000000000444e-01 9.000000000000000222e-01
-1.849999999999999423e-01 2.000000000000000111e-01 8.000000000000000444e-01 9.000000000000000222e-01
-1.750000000000001554e-01 2.000000000000000111e-01 8.000000000000000444e-01 9.000000000000000222e-01
-1.649999999999999245e-01 2.000000000000000111e-01 8.000000000000000444e-01 9.000000000000000222e-01
-1.550000000000001377e-01 2.000000000000000111e-01 8.000000000000000444e-01 9.000000000000000222e-01
-1.449999999999999067e-01 2.000000000000000111e-01 8.000000000000000444e-01 9.000000000000000222e-01
-1.350000000000001199e-01 2.000000000000000111e-01 8.000000000000000444e-01 9.000000000000000222e-01
-1.249999999999998890e-01 2.000000000000000111e-01 8.000000000000000444e-01 9.000000000000000222e-01
-1.150000000000001021e-01 2.000000000000000111e-01 8.000000000000000444e-01 9.000000000000000222e-01
-1.049999999999998712e-01 2.000000000000000111e-01 8.000000000000000444e-01 9.000000000000000222e-01
-9.500000000000008438e-02 2.000000000000000111e-01 8.000000000000000444e-01 9.000000000000000222e-01
-8.499999999999985345e-02 2.000000000000000111e-01 8.000000000000000444e-01 9.000000000000000222e-01
-7.500000000000006661e-02 2.000000000000000111e-01 8.000000000000000444e-01 9.000000000000000222e-01
-6.499999999999983569e-02 2.000000000000000111e-01 8.000000000000000444e-01 9.000000000000000222e-01
-5.500000000000005579e-02 2.000000000000000111e-01 8.000000000000000444e-01 9.000000000000000222e-01
-4.499999999999982486e-02 2.000000000000000111e-01 8.000000000000000444e-01 9.000000000000000222e-01
-3.500000000000003803e-02 2.000000000000000111e-01 8.000000000000000444e-01 9.000000000000000222e-01
-2.499999999999980363e-02 2.000000000000000111e-01 8.000000000000000444e-01 9.000000000000000222e-01
-1.500000000000001679e-02 2.000000000000000111e-01 8.000000000000000444e-01 9.000000000000000222e-01
-4.999999999999786733e-03 2.000000000000000111e-01 8.000000000000000444e-01 9.000000000000000222e-01
5.000000000000000104e-03 2.000000000000000666e-01 7.999999999999997113e-01 9.000000000000006883e-01
1.500000000000023190e-02 2.000000000000000389e-01 7.999999999999998224e-01 9.000000000000007994e-01
2.500000000000001874e-02 2.000000000000000389e-01 7.999999999999998224e-01 9.000000000000011324e-01
3.500000000000024619e-02 2.000000000000000389e-01 7.999999999999996003e-01 9.000000000000016875e-01
4.500000000000003303e-02 2.000000000000000389e-01 7.999999999999999334e-01 9.000000000000015765e-01
5.500000000000026396e-02 2.000000000000000389e-01 7.999999999999997113e-01 9.000000000000021316e-01
6.500000000000005773e-02 2.000000000000000389e-01 7.999999999999994893e-01 9.000000000000026867e-01
7.500000000000028866e-02 2.000000000000000389e-01 7.999999999999997113e-01 9.000000000000026867e-01
8.500000000000007550e-02 2.000000000000000666e-01 7.999999999999997113e-01 9.000000000000029088e-01
9.499999999999986233e-02 2.000000000000000666e-01 7.999999999999997113e-01 9.000000000000032419e-01
1.050000000000000933e-01 2.000000000000000666e-01 7.999999999999994893e-01 9.000000000000037970e-01
1.149999999999998801e-01 2.000000000000000944e-01 7.999999999999994893e-01 9.000000000000037970e-01
1.250000000000001110e-01 2.000000000000000944e-01 7.999999999999999334e-01 9.000000000000035749e-01
1.349999999999998979e-01 2.000000000000001221e-01 7.999999999999998224e-01 9.000000000000039080e-01
1.450000000000001288e-01 2.000000000000000944e-01 7.999999999999997113e-01 9.000000000000043521e-01
1.549999999999999156e-01 2.000000000000001221e-01 7.999999999999996003e-01 9.000000000000046851e-01
1.650000000000001465e-01 2.000000000000001221e-01 7.999999999999992673e-01 9.000000000000053513e-01
1.749999999999999334e-01 2.000000000000001499e-01 7.999999999999991562e-01 9.000000000000057954e-01
1.850000000000001643e-01 2.000000000000001776e-01 7.999999999999991562e-01 9.000000000000060174e-01
1.949999999999999512e-01 2.000000000000001221e-01 7.999999999999990452e-01 9.000000000000064615e-01
2.050000000000001821e-01 2.000000000000001499e-01 7.999999999999989342e-01 9.000000000000066835e-01
2.149999999999999689e-01 2.000000000000001776e-01 7.999999999999986011e-01 9.000000000000073497e-01
2.250000000000001998e-01 2.000000000000001776e-01 7.999999999999983791e-01 9.000000000000079048e-01
2.349999999999999867e-01 2.000000000000001776e-01 7.999999999999980460e-01 9.000000000000085709e-01
2.450000000000002176e-01 2.000000000000001776e-01 7.999999999999978240e-01 9.000000000000091260e-01
2.550000000000000044e-01 2.000000000000001776e-01 7.999999999999980460e-01 9.000000000000091260e-01
2.650000000000002354e-01 2.000000000000001776e-01 7.999999999999979350e-01 9.000000000000095701e-01
2.750000000000000222e-01 2.000000000000002054e-01 7.999999999999980460e-01 9.000000000000096811e-01
2.850000000000002531e-01 2.000000000000002054e-01 7.999999999999979350e-01 9.000000000000101252e-01
2.950000000000000400e-01 2.000000000000002054e-01 7.999999999999980460e-01 9.000000000000102363e-01
3.050000000000002709e-01 2.000000000000002054e-01 7.999999999999978240e-01 9.000000000000107914e-01
3.150000000000000577e-01 2.000000000000002331e-01 7.999999999999977129e-01 9.000000000000111244e-01
3.250000000000002887e-01 2.000000000000002331e-01 7.999999999999978240e-01 9.000000000000113465e-01
3.350000000000000755e-01 2.000000000000002609e-01 7.999999999999977129e-01 9.000000000000116795e-01
3.449999999999998623e-01 2.000000000000002331e-01 7.999999999999967137e-01 9.000000000000140110e-01
3.550000000000000933e-01 2.000000000000002054e-01 7.999999999999931610e-01 9.000000000000217826e-01
3.649999999999998801e-01 2.000000000000001776e-01 7.999999999999826139e-01 9.000000000000445421e-01
3.750000000000001110e-01 2.000000000000001776e-01 7.999999999999531930e-01 9.000000000001073808e-01
3.849999999999998979e-01 2.000000000000001776e-01 7.999999999998738121e-01 9.000000000002769118e-01
3.950000000000001288e-01 2.000000000000001499e-01 7.999999999996671995e-01 9.000000000007196688e-01
4.049999999999999156e-01 2.000000000000001221e-01 7.999999999991405097e-01 9.000000000018486546e-01
4.150000000000001465e-01 2.000000000000001776e-01 7.999999999978320009e-01 9.000000000046526338e-01
4.249999999999999334e-01 2.000000000000001499e-01 7.999999999946613150e-01 9.000000000114471987e-01
4.350000000000001643e-01 2.000000000000001499e-01 7.999999999871613143e-01 9.000000000275187872e-01
4.449999999999999512e-01 2.000000000000001776e-01 7.999999999698352848e-01 9.000000000646450893e-01
4.550000000000001821e-01 2.000000000000002331e-01 7.999999999307231269e-01 9.000000001484566026e-01
4.649999999999999689e-01 2.000000000000002609e-01 7.999999998443931837e-01 9.000000003334488463e-01
4.750000000000001998e-01 2.000000000000002331e-01 7.999999996579918449e-01 9.000000007328804452e-01
4.849999999999999867e-01 2.000000000000002887e-01 7.999999992640882684e-01 9.000000015769593631e-01
4.950000000000002176e-01 2.000000000000002331e-01 7.999999984490385740e-01 9.000000033234945018e-01
5.050000000000000044e-01 2.000000000000002887e-01 7.999999967969693149e-01 9.000000068636427875e-01
5.150000000000002354e-01 2.000000000000002331e-01 7.999999935151685948e-01 9.000000138960728702e-01
5.250000000000000222e-01 2.000000000000002331e-01 7.999999871234101390e-01 9.000000275926980375e-01
5.350000000000002531e-01 2.000000000000002054e-01 7.999999749129449444e-01 9.000000537579810889e-01
5.450000000000000400e-01 2.000000000000002054e-01 7.999999520241504181e-01 9.000001028053988827e-01
5.550000000000002709e-01 2.000000000000001776e-01 7.999999099065484565e-01 9.000001930574076381e-01
5.650000000000000577e-01 2.000000000000002054e-01 7.999998337999889575e-01 9.000003561429067434e-01
5.750000000000002887e-01 2.000000000000002054e-01 7.999996986976002367e-01 9.000006456480729167e-01
5.850000000000000755e-01 2.000000000000001776e-01 7.999994630035213161e-01 9.000011507069650696e-01
5.949999999999998623e-01 2.000000000000002054e-01 7.999990587636502948e-01 9.000020169357275668e-01
6.050000000000000933e-01 2.000000000000002331e-01 7.999983769073324424e-01 9.000034780578052285e-01
6.149999999999998801e-01 2.000000000000002331e-01 7.999972453751653667e-01 9.000059027736213579e-01
6.250000000000001110e-01 2.000000000000001776e-01 7.999953973102398308e-01 9.000098629240069759e-01
6.349999999999998979e-01 2.000000000000002054e-01 7.999924256520166699e-01 9.000162307935347661e-01
6.450000000000001288e-01 2.000000000000002054e-01 7.999877195009347242e-01 9.000263154829909462e-01
6.549999999999999156e-01 2.000000000000001499e-01 7.999803765427923041e-01 9.000420505970129215e-01
6.650000000000001465e-01 2.000000000000001221e-01 7.999690846863544147e-01 9.000662479359738954e-01
6.749999999999999334e-01 2.000000000000001221e-01 7.999519649653794584e-01 9.001029342626847285e-01
6.850000000000001643e-01 2.000000000000001221e-01 7.999263668363368884e-01 9.001577902240678331e-01
6.949999999999999512e-01 2.000000000000000944e-01 7.998886065078805174e-01 9.002387116417994717e-01
7.050000000000001821e-01 2.000000000000001221e-01 7.998336392601038680e-01 9.003565128291810549e-01
7.149999999999999689e-01 2.000000000000002054e-01 7.997546584822043947e-01 9.005257880326769104e-01
7.250000000000001998e-01 2.000000000000001776e-01 7.996426183764487883e-01 9.007659384553258208e-01
7.349999999999999867e-01 2.000000000000001776e-01 7.994856854798065848e-01 9.011023553910914030e-01
7.450000000000002176e-01 2.000000000000002054e-01 7.992686385853928765e-01 9.015677200798601909e-01
7.550000000000000044e-01 2.000000000000002054e-01 7.989722603309575844e-01 9.022033315823385635e-01
7.650000000000002354e-01 2.000000000000001776e-01 7.985728002259280256e-01 9.030602976200624576e-01
7.750000000000000222e-01 2.000000000000001776e-01 7.980416413126056874e-01 9.042003129912034032e-01
7.850000000000002531e-01 2.000000000000001221e-01 7.973453711934023191e-01 9.056956045551278756e-01
7.950000000000000400e-01 2.000000000000001221e-01 7.964465353933213310e-01 9.076274548147783561e-01
8.050000000000002709e-01 2.000000000000000666e-01 7.953054147025373499e-01 9.100825721171866833e-01
8.150000000000000577e-01 2.000000000000000944e-01 7.938831731175057804e-01 9.131465465451704677e-01
8.250000000000002887e-01 2.000000000000000944e-01 7.921465988999786267e-01 9.168938637535782865e-01
8.350000000000000755e-01 1.999999999999999833e-01 7.900743288949388932e-01 9.213746166493010925e-01
8.449999999999998623e-01 2.000000000000000666e-01 7.876638683219140402e-01 9.265992541919118031e-01
8.550000000000000933e-01 2.000000000000000389e-01 7.849379847778037433e-01 9.325242824396248187e-01
8.649999999999998801e-01 2.000000000000000389e-01 7.819484572408998968e-01 9.390432076942056838e-01
8.750000000000001110e-01 2.000000000000000944e-01 7.787751494498598159e-01 9.459872329594141149e-01
8.849999999999998979e-01 2.000000000000000666e-01 7.755193164349223345e-01 9.531384363878436794e-01
8.950000000000001288e-01 2.000000000000000389e-01 7.722918481268067348e-01 9.602544216989575832e-01
9.049999999999999156e-01 2.000000000000000666e-01 7.691990742703523898e-01 9.670991615121802276e-01
9.150000000000001465e-01 2.000000000000000944e-01 7.663297712716186094e-01 9.734721862449186025e-01
9.249999999999999334e-01 2.000000000000000389e-01 7.637465152360273235e-01 9.792289312685169556e-01
9.350000000000001643e-01 2.000000000000000944e-01 7.614828100898237695e-01 9.842885672547865283e-01
9.449999999999999512e-01 2.000000000000000666e-01 7.595454503928609213e-01 9.886300085143305827e-01
9.550000000000001821e-01 2.000000000000001221e-01 7.579202755060062691e-01 9.922799071100329993e-01
9.649999999999999689e-01 2.000000000000001776e-01 7.565791723662413926e-01 9.952973656428335536e-01
9.750000000000001998e-01 2.000000000000001776e-01 7.554866448348519503e-01 9.977592435933089199e-01
9.849999999999999867e-01 2.000000000000002887e-01 7.546050173939002903e-01 9.997483092920902426e-01
9.950000000000002176e-01 2.000000000000006495e-01 7.538980069682786889e-01 1.001344973646576486e+00
1.004999999999999893e+00 2.000000000000014544e-01 7.533328192580861504e-01 1.002622341916672655e+00
1.014999999999999680e+00 2.000000000000031197e-01 7.528811107609139075e-01 1.003643857633179426e+00
1.025000000000000355e+00 2.000000000000066447e-01 7.525191814143050717e-01 1.004462728356435131e+00
1.035000000000000142e+00 2.000000000000141109e-01 7.522277058169226649e-01 1.005122435386993196e+00
1.044999999999999929e+00 2.000000000000298206e-01 7.519912293668841174e-01 1.005657807667737380e+00
1.054999999999999716e+00 2.000000000000617673e-01 7.517975792069162555e-01 1.006096312004739035e+00
1.065000000000000391e+00 2.000000000001263545e-01 7.516372799417186945e-01 1.006459348571608015e+00
1.075000000000000178e+00 2.000000000002548350e-01 7.515030219775616915e-01 1.006763437821337037e+00
1.084999999999999964e+00 2.000000000005071887e-01 7.513892030954187895e-01 1.007021248279912573e+00
1.094999999999999751e+00 2.000000000009961310e-01 7.512915475698257461e-01 1.007242452904747454e+00
1.104999999999999538e+00 2.000000000019316881e-01 7.512067982536045907e-01 1.007434422747612190e+00
1.115000000000000213e+00 2.000000000036996350e-01 7.511324728604847900e-01 1.007602776760868180e+00
1.125000000000000000e+00 2.000000000070001061e-01 7.510666743023509673e-01 1.007751810095350420e+00
1.134999999999999787e+00 2.000000000130890410e-01 7.510079451298997677e-01 1.007884823050422929e+00
1.144999999999999574e+00 2.000000000241931863e-01 7.509551571027502925e-01 1.008004370775172021e+00
1.155000000000000249e+00 2.000000000442147263e-01 7.509074282078048723e-01 1.008112450983725594e+00
1.165000000000000036e+00 2.000000000799151412e-01 7.508640607853787063e-01 1.008210643966174214e+00
1.174999999999999822e+00 2.000000001428804686e-01 7.508244956701616291e-01 1.008300216383644976e+00
1.184999999999999609e+00 2.000000002527460852e-01 7.507882783440832375e-01 1.008382197886321441e+00
1.195000000000000284e+00 2.000000004424296873e-01 7.507550340110678011e-01 1.008457437536250501e+00
1.205000000000000071e+00 2.000000007665274360e-01 7.507244492447626705e-01 1.008526645343857719e+00
1.214999999999999858e+00 2.000000013146365496e-01 7.506962584472686162e-01 1.008590422899973582e+00
1.224999999999999645e+00 2.000000022322606097e-01 7.506702338123775187e-01 1.008649286053424632e+00
1.235000000000000320e+00 2.000000037532577157e-01 7.506461778341887436e-01 1.008703681795383833e+00
1.245000000000000107e+00 2.000000062496540554e-01 7.506239176628836107e-01 1.008754000916657123e+00
1.254999999999999893e+00 2.000000103072912261e-01 7.506033008028382136e-01 1.008800587559681050e+00
1.264999999999999680e+00 2.000000168394659439e-01 7.505841917899419569e-01 1.008843746456955737e+00
1.275000000000000355e+00 2.000000272558109526e-01 7.505664695877398707e-01 1.008883748402099600e+00
1.285000000000000142e+00 2.000000437105808604e-01 7.505500255159218703e-01 1.008920834314937842e+00
1.294999999999999929e+00 2.000000694637764087e-01 7.505347615774381476e-01 1.008955218119121477e+00
1.304999999999999716e+00 2.000001094007781421e-01 7.505205890880235486e-01 1.008987088534983645e+00
1.315000000000000391e+00 2.000001707720751587e-01 7.505074275384563398e-01 1.009016609790027719e+00
1.325000000000000178e+00 2.000002642350551529e-01 7.504952036386789427e-01 1.009043921155466261e+00
1.334999999999999964e+00 2.000004053054778019e-01 7.504838505062014775e-01 1.009069135122356631e+00
1.344999999999999751e+00 2.000006163580049234e-01 7.504733069706949200e-01 1.009092333929336949e+00
1.355000000000000426e+00 2.000009293537214905e-01 7.504635169734441558e-01 1.009113564041376865e+00
1.365000000000000213e+00 2.000013895184703516e-01 7.504544290452380695e-01 1.009132828052181630e+00
1.375000000000000000e+00 2.000020602492354194e-01 7.504459958498518324e-01 1.009150073340235210e+00
1.384999999999999787e+00 2.000030295864250185e-01 7.504381737829350918e-01 1.009165176649919893e+00
1.394999999999999574e+00 2.000044186567425109e-01 7.504309226181414827e-01 1.009177923596751292e+00
1.405000000000000249e+00 2.000063925624925298e-01 7.504242051938779801e-01 1.009187981914150267e+00
1.415000000000000036e+00 2.000091742656836535e-01 7.504179871353227060e-01 1.009194867075962954e+00
1.424999999999999822e+00 2.000130620849180085e-01 7.504122366074009731e-01 1.009197898755404221e+00
1.434999999999999609e+00 2.000184514841696903e-01 7.504069240953553654e-01 1.009196146432449481e+00
1.445000000000000284e+00 2.000258618781207420e-01 7.504020222104851312e-01 1.009188362357394286e+00
1.455000000000000071e+00 2.000359692003870482e-01 7.503975055196384636e-01 1.009172900042170529e+00
1.464999999999999858e+00 2.000496449693622003e-01 7.503933503982439523e-01 1.009147616510624568e+00
1.474999999999999645e+00 2.000680025315799415e-01 7.503895349081967092e-01 1.009109756725280693e+00
1.485000000000000320e+00 2.000924510546835677e-01 7.503860387039174018e-01 1.009055818953682904e+00
1.495000000000000107e+00 2.001247576725764254e-01 7.503828429725550864e-01 1.008981400374861392e+00
1.504999999999999893e+00 2.001671179476230966e-01 7.503799304178063734e-01 1.008881022985680165e+00
1.514999999999999680e+00 2.002222345058402575e-01 7.503772853013374045e-01 1.008747940871871585e+00
1.525000000000000355e+00 2.002934033225091393e-01 7.503748935614606985e-01 1.008573931173934124e+00
1.535000000000000142e+00 2.003846066950465687e-01 7.503727430355432437e-01 1.008349072604327379e+00
1.544999999999999929e+00 2.005006114513017690e-01 7.503708238204821468e-01 1.008061517141890517e+00
1.554999999999999716e+00 2.006470704255139126e-01 7.503691288140192928e-01 1.007697262501392688e+00
1.565000000000000391e+00 2.008306247179557913e-01 7.503676544879473997e-01 1.007239935082944182e+00
1.575000000000000178e+00 2.010590037695743071e-01 7.503664019510919436e-01 1.006670595249392397e+00
1.584999999999999964e+00 2.013411198638308253e-01 7.503653783636935470e-01 1.005967578829000120e+00
1.594999999999999751e+00 2.016871533476576051e-01 7.503645987631814007e-01 1.005106390532586769e+00
1.605000000000000426e+00 2.021086246704424938e-01 7.503640883517769256e-01 1.004059666316170274e+00
1.615000000000000213e+00 2.026184492938635229e-01 7.503638852761291833e-01 1.002797222396694110e+00
1.625000000000000000e+00 2.032309716333898786e-01 7.503640438957998038e-01 1.001286208412998979e+00
1.634999999999999787e+00 2.039619744464130358e-01 7.503646384890753085e-01 9.994913808953697076e-01
1.644999999999999574e+00 2.048286604582849890e-01 7.503657672809815882e-01 9.973755105707962088e-01
1.655000000000000249e+00 2.058496034771993555e-01 7.503675566011241971e-01 9.948999329479587539e-01
1.665000000000000036e+00 2.070446667418244235e-01 7.503701648924417933e-01 9.920252460414028528e-01
1.674999999999999822e+00 2.084348867166516961e-01 7.503737862033965644e-01 9.887121520702730759e-01
1.684999999999999609e+00 2.100423209465520080e-01 7.503786527158488040e-01 9.849224317093816516e-01
1.695000000000000284e+00 2.118898588630102608e-01 7.503850358015959898e-01 9.806200303486639624e-01
1.705000000000000071e+00 2.140009945794004720e-01 7.503932450763277640e-01 9.757722263681285479e-01
1.714999999999999858e+00 2.163995607291384071e-01 7.504036249441757844e-01 9.703508423472800848e-01
1.724999999999999645e+00 2.191094223298197530e-01 7.504165482100254581e-01 9.643334521988429220e-01
1.735000000000000320e+00 2.221541295752553491e-01 7.504324064862596400e-01 9.577045312877836558e-01
1.745000000000000107e+00 2.255565284758297984e-01 7.504515973342346102e-01 9.504564934635963969e-01
1.754999999999999893e+00 2.293383285229304847e-01 7.504745083484637425e-01 9.425905592436244484e-01
1.764999999999999680e+00 2.335196271983392968e-01 7.505014986938373101e-01 9.341174035338541959e-01
1.775000000000000355e+00 2.381183923381386680e-01 7.505328789156163749e-01 9.250575393209085062e-01
1.785000000000000142e+00 2.431499052282105611e-01 7.505688901250684442e-01 9.154414053871702261e-01
1.794999999999999929e+00 2.486261699499325017e-01 7.506096838849986019e-01 9.053091405724146279e-01
1.804999999999999716e+00 2.545552979413894246e-01 7.506553042464206849e-01 8.947100433747062764e-01
1.815000000000000391e+00 2.609408809349864078e-01 7.507056733948971328e-01 8.837017324627446380e-01
1.825000000000000178e+00 2.677813702117188832e-01 7.507605822390104322e-01 8.723490395851841717e-01
1.834999999999999964e+00 2.750694851866120061e-01 7.508196870147711977e-01 8.607226801076096612e-01
1.844999999999999751e+00 2.827916792910157850e-01 7.508825126045167719e-01 8.488977569111261223e-01
1.855000000000000426e+00 2.909276954082034572e-01 7.509484628071572132e-01 8.369521599240795640e-01
1.865000000000000213e+00 2.994502461212832922e-01 7.510168372893859523e-01 8.249649258261230189e-01
1.875000000000000000e+00 3.083248550796569010e-01 7.510868544420520321e-01 8.130146205863534314e-01
1.884999999999999787e+00 3.175098942494254950e-01 7.511576789103029395e-01 8.011778019793922567e-01
1.894999999999999574e+00 3.269568471782432484e-01 7.512284522039243129e-01 7.895276108553693772e-01
1.905000000000000249e+00 3.366108203984761738e-01 7.512983245595481474e-01 7.781325296767691579e-01
1.915000000000000036e+00 3.464113137611949389e-01 7.513664861402675754e-01 7.670553356703150305e-01
1.924999999999999822e+00 3.562932462817005597e-01 7.514321957267120489e-01 7.563522647950147171e-01
1.934999999999999609e+00 3.661882178546773670e-01 7.514948052676014845e-01 7.460723923591542350e-01
1.945000000000000284e+00 3.760259702268197723e-01 7.515537789938147029e-01 7.362572270821198250e-01
1.955000000000000071e+00 3.857359944518591877e-01 7.516087062232781335e-01 7.269405080204240921e-01
1.964999999999999858e+00 3.952492183770913714e-01 7.516593074518305162e-01 7.181481881808075007e-01
1.974999999999999645e+00 4.044996981122724877e-01 7.517054337914003126e-01 7.098985847718446429e-01
1.985000000000000320e+00 4.134262331829652304e-01 7.517470602354584530e-01 7.022026737159150489e-01
1.995000000000000107e+00 4.219738269199673208e-01 7.517842735609009397e-01 6.950645049922812291e-01
2.004999999999999893e+00 4.300949216708874756e-01 7.518172558791301752e-01 6.884817153086763009e-01
2.014999999999999680e+00 4.377503520199955145e-01 7.518462648967900730e-01 6.824461151976273232e-01
2.025000000000000355e+00 4.449099771084040200e-01 7.518716118105446267e-01 6.769443286129981363e-01
2.035000000000000142e+00 4.515529736238734215e-01 7.518936374080500418e-01 6.719584641875138153e-01
2.044999999999999929e+00 4.576677921055172793e-01 7.519126863293383867e-01 6.674667982326573101e-01
2.054999999999999716e+00 4.632517989379746348e-01 7.519290784724331766e-01 6.634444500183481752e-01
2.065000000000000391e+00 4.683106431202149200e-01 7.519430750485972537e-01 6.598640294741429102e-01
2.075000000000000178e+00 4.728573993745535664e-01 7.519548345325177685e-01 6.566962356394467903e-01
2.084999999999999964e+00 4.769115467631943606e-01 7.519643502412999281e-01 6.539103800642582787e-01
2.094999999999999751e+00 4.804978446278635462e-01 7.519713557227835077e-01 6.514748014737529180e-01
2.105000000000000426e+00 4.836451657916641667e-01 7.519751752255359190e-01 6.493571239826011476e-01
2.115000000000000213e+00 4.863853413663662417e-01 7.519744820975550192e-01 6.475242870833867181e-01
2.125000000000000000e+00 4.887520632197031589e-01 7.519669044755078469e-01 6.459422351759256387e-01
2.134999999999999787e+00 4.907798802700900076e-01 7.519483792996956018e-01 6.445750872082487426e-01
2.144999999999999574e+00 4.925033143213818354e-01 7.519120931247157413e-01 6.433834963653118910e-01
2.155000000000000249e+00 4.939561110008438005e-01 7.518467462067524032e-01 6.423217289836485877e-01
2.165000000000000036e+00 4.951706321807950451e-01 7.517337106283603632e-01 6.413326990974438369e-01
2.174999999999999822e+00 4.961773884816951252e-01 7.515423854908397372e-01 6.403397264986527837e-01
2.184999999999999609e+00 4.970047042896318934e-01 7.512226239049746290e-01 6.392330505717279676e-01
2.195000000000000284e+00 4.976785032080082716e-01 7.506924328508091104e-01 6.378480144280991304e-01
2.205000000000000071e+00 4.982221988906955223e-01 7.498181187211891974e-01 6.359302363961030213e-01
2.214999999999999858e+00 4.986566745543061785e-01 7.483825678365857437e-01 6.330810824083951127e-01
2.224999999999999645e+00 4.990003338461794224e-01 7.460354508520811168e-01 6.286750462553170049e-01
2.235000000000000320e+00 4.992692058013113443e-01 7.422174010479104522e-01 6.217417581728095222e-01
2.245000000000000107e+00 4.994770869703582528e-01 7.360508373075583810e-01 6.108163052674547844e-01
2.254999999999999893e+00 4.996357041024733214e-01 7.261994908035834806e-01 5.937986115228214290e-01
2.264999999999999680e+00 4.997548810710332190e-01 7.107326828524200835e-01 5.679544847695217058e-01
2.275000000000000355e+00 4.998426957449683128e-01 6.871210407141311594e-01 5.303592367273013419e-01
2.285000000000000142e+00 4.999056235565386697e-01 6.526786909664422653e-01 4.792399181724066870e-01
2.294999999999999929e+00 4.999487061099422980e-01 6.060099106389867929e-01 4.163768829252167958e-01
2.304999999999999716e+00 4.999758864173610706e-01 5.498177524210826617e-01 3.492366164100806913e-01
2.315000000000000391e+00 4.999907211317890510e-01 4.933270277323120734e-01 2.894896049885724021e-01
2.325000000000000178e+00 4.999971817078432412e-01 4.488707607264518784e-01 2.464497666285687116e-01
2.334999999999999964e+00 4.999993110821080444e-01 4.221116151704177866e-01 2.213325612341942583e-01
2.344999999999999751e+00 4.999998548289024680e-01 4.091585592922317161e-01 2.090128618475360356e-01
2.355000000000000426e+00 4.999999717268420740e-01 4.036432132236684178e-01 2.036346635094859470e-01
2.365000000000000213e+00 4.999999946855956945e-01 4.014266284591465062e-01 2.014334064026049032e-01
2.375000000000000000e+00 4.999999990156211438e-01 4.005554109968336163e-01 2.005598233863690738e-01
2.384999999999999787e+00 4.999999998187246164e-01 4.002157637676478363e-01 2.002177648968951895e-01
2.394999999999999574e+00 4.999999999666934203e-01 4.000837491479236618e-01 2.000845705716778888e-01
2.405000000000000249e+00 4.999999999938857798e-01 4.000324963400453404e-01 2.000328218972950711e-01
2.415000000000000036e+00 4.999999999988778976e-01 4.000126072820157086e-01 2.000127346199008782e-01
2.424999999999999822e+00 4.999999999997939981e-01 4.000048907109055030e-01 2.000049402649382024e-01
2.434999999999999609e+00 4.999999999999621414e-01 4.000018971311541383e-01 2.000019163769410080e-01
2.445000000000000284e+00 4.999999999999930611e-01 4.000007358706278437e-01 2.000007433393417577e-01
2.455000000000000071e+00 4.999999999999987788e-01 4.000002854206159975e-01 2.000002883180234670e-01
2.464999999999999858e+00 4.999999999999998890e-01 4.000001107003062217e-01 2.000001118241450104e-01
2.474999999999999645e+00 4.999999999999999445e-01 4.000000429330052287e-01 2.000000433688769452e-01
2.485000000000000320e+00 5.000000000000000000e-01 4.000000166499100840e-01 2.000000168189479122e-01
2.495000000000000107e+00 5.000000000000000000e-01 4.000000064566857638e-01 2.000000065222374002e-01
2.504999999999999893e+00 5.000000000000000000e-01 4.000000025037069307e-01 2.000000025291259198e-01
2.514999999999999680e+00 5.000000000000000000e-01 4.000000009708056248e-01 2.000000009806617574e-01
2.525000000000000355e+00 5.000000000000000000e-01 4.000000003764045409e-01 2.000000003802258897e-01
2.535000000000000142e+00 5.000000000000000000e-01 4.000000001459316223e-01 2.000000001474132594e-01
2.544999999999999929e+00 5.000000000000000000e-01 4.000000000565735458e-01 2.000000000571481862e-01
2.554999999999999716e+00 5.000000000000000000e-01 4.000000000219303686e-01 2.000000000221532348e-01
2.565000000000000391e+00 5.000000000000000000e-01 4.000000000085005003e-01 2.000000000085869201e-01
2.575000000000000178e+00 5.000000000000000000e-01 4.000000000032945535e-01 2.000000000033280989e-01
2.584999999999999964e+00 5.000000000000000000e-01 4.000000000012769452e-01 2.000000000012896184e-01
2.594999999999999751e+00 5.000000000000000000e-01 4.000000000004948486e-01 2.000000000004996670e-01
2.605000000000000426e+00 5.000000000000000000e-01 4.000000000001917577e-01 2.000000000001935230e-01
2.615000000000000213e+00 5.000000000000000000e-01 4.000000000000741851e-01 2.000000000000749512e-01
2.625000000000000000e+00 5.000000000000000000e-01 4.000000000000286104e-01 2.000000000000289879e-01
2.634999999999999787e+00 5.000000000000000000e-01 4.000000000000110689e-01 2.000000000000111688e-01
2.644999999999999574e+00 5.000000000000000000e-01 4.000000000000042411e-01 2.000000000000042577e-01
2.655000000000000249e+00 5.000000000000000000e-01 4.000000000000015765e-01 2.000000000000016209e-01
2.665000000000000036e+00 5.000000000000000000e-01 4.000000000000005218e-01 2.000000000000005662e-01
2.674999999999999822e+00 5.000000000000000000e-01 4.000000000000001332e-01 2.000000000000001776e-01
2.684999999999999609e+00 5.000000000000000000e-01 4.000000000000000777e-01 2.000000000000000111e-01
2.695000000000000284e+00 5.000000000000000000e-01 4.000000000000000777e-01 2.000000000000000111e-01
2.705000000000000071e+00 5.000000000000000000e-01 4.000000000000000777e-01 2.000000000000000111e-01
2.714999999999999858e+00 5.000000000000000000e-01 4.000000000000000777e-01 2.000000000000000111e-01
2.724999999999999645e+00 5.000000000000000000e-01 4.000000000000000777e-01 2.000000000000000111e-01
2.735000000000000320e+00 5.000000000000000000e-01 4.000000000000000777e-01 2.000000000000000111e-01
2.745000000000000107e+00 5.000000000000000000e-01 4.000000000000000777e-01 2.000000000000000111e-01
2.754999999999999893e+00 5.000000000000000000e-01 4.000000000000000777e-01 2.000000000000000111e-01
2.764999999999999680e+00 5.000000000000000000e-01 4.000000000000000777e-01 2.000000000000000111e-01
2.775000000000000355e+00 5.000000000000000000e-01 4.000000000000000777e-01 2.000000000000000111e-01
2.785000000000000142e+00 5.000000000000000000e-01 4.000000000000000777e-01 2.000000000000000111e-01
2.794999999999999929e+00 5.000000000000000000e-01 4.000000000000000777e-01 2.000000000000000111e-01
2.804999999999999716e+00 5.000000000000000000e-01 4.000000000000000777e-01 2.000000000000000111e-01
2.815000000000000391e+00 5.000000000000000000e-01 4.000000000000000777e-01 2.000000000000000111e-01
2.825000000000000178e+00 5.000000000000000000e-01 4.000000000000000777e-01 2.000000000000000111e-01
2.834999999999999964e+00 5.000000000000000000e-01 4.000000000000000777e-01 2.000000000000000111e-01
2.844999999999999751e+00 5.000000000000000000e-01 4.000000000000000777e-01 2.000000000000000111e-01
2.855000000000000426e+00 5.000000000000000000e-01 4.000000000000000777e-01 2.000000000000000111e-01
2.865000000000000213e+00 5.000000000000000000e-01 4.000000000000000777e-01 2.000000000000000111e-01
2.875000000000000000e+00 5.000000000000000000e-01 4.000000000000000777e-01 2.000000000000000111e-01
2.884999999999999787e+00 5.000000000000000000e-01 4.000000000000000777e-01 2.000000000000000111e-01
2.894999999999999574e+00 5.000000000000000000e-01 4.000000000000000777e-01 2.000000000000000111e-01
2.905000000000000249e+00 5.000000000000000000e-01 4.000000000000000777e-01 2.000000000000000111e-01
2.915000000000000036e+00 5.000000000000000000e-01 4.000000000000000777e-01 2.000000000000000111e-01
2.924999999999999822e+00 5.000000000000000000e-01 4.000000000000000777e-01 2.000000000000000111e-01
2.934999999999999609e+00 5.000000000000000000e-01 4.000000000000000777e-01 2.000000000000000111e-01
2.945000000000000284e+00 5.000000000000000000e-01 4.000000000000000777e-01 2.000000000000000111e-01
2.955000000000000071e+00 5.000000000000000000e-01 4.000000000000000777e-01 2.000000000000000111e-01
2.964999999999999858e+00 5.000000000000000000e-01 4.000000000000000777e-01 2.000000000000000111e-01
2.974999999999999645e+00 5.000000000000000000e-01 4.000000000000000777e-01 2.000000000000000111e-01
2.985000000000000320e+00 5.000000000000000000e-01 4.000000000000000777e-01 2.000000000000000111e-01
2.995000000000000107e+00 5.000000000000000000e-01 4.000000000000000777e-01 2.000000000000000111e-01
