-2.995000000000000107e+00 2.000000000000000111e-01 8.000000000000000444e-01 9.000000000000000222e-01
-2.985000000000000320e+00 2.000000000000000111e-01 8.000000000000000444e-01 9.000000000000000222e-01
-2.975000000000000089e+00 2.000000000000000111e-01 8.000000000000000444e-01 9.000000000000000222e-01
-2.965000000000000302e+00 2.000000000000000111e-01 8.000000000000000444e-01 9.000000000000000222e-01
-2.955000000000000071e+00 2.000000000000000111e-01 8.000000000000000444e-01 9.000000000000000222e-01
-2.945000000000000284e+00 2.000000000000000111e-01 8.000000000000000444e-01 9.000000000000000222e-01
-2.935000000000000053e+00 2.000000000000000111e-01 8.000000000000000444e-01 9.000000000000000222e-01
-2.925000000000000266e+00 2.000000000000000111e-01 8.000000000000000444e-01 9.000000000000000222e-01
-2.915000000000000036e+00 2.000000000000000111e-01 8.000000000000000444e-01 9.000000000000000222e-01
-2.905000000000000249e+00 2.000000000000000111e-01 8.000000000000000444e-01 9.000000000000000222e-01
-2.895000000000000018e+00 2.000000000000000111e-01 8.000000000000000444e-01 9.000000000000000222e-01
-2.885000000000000231e+00 2.000000000000000111e-01 8.000000000000000444e-01 9.000000000000000222e-01
-2.875000000000000000e+00 2.000000000000000111e-01 8.000000000000000444e-01 9.000000000000000222e-01
-2.865000000000000213e+00 2.000000000000000111e-01 8.000000000000000444e-01 9.000000000000000222e-01
-2.854999999999999982e+00 2.000000000000000111e-01 8.000000000000000444e-01 9.000000000000000222e-01
-2.845000000000000195e+00 2.000000000000000111e-01 8.000000000000000444e-01 9.000000000000000222e-01
-2.834999999999999964e+00 2.000000000000000111e-01 8.000000000000000444e-01 9.000000000000000222e-01
-2.825000000000000178e+00 2.000000000000000111e-01 8.000000000000000444e-01 9.000000000000000222e-01
-2.814999999999999947e+00 2.000000000000000111e-01 8.000000000000000444e-01 9.000000000000000222e-01
-2.805000000000000160e+00 2.000000000000000111e-01 8.000000000000000444e-01 9.000000000000000222e-01
-2.794999999999999929e+00 2.000000000000000111e-01 8.000000000000000444e-01 9.000000000000000222e-01
-2.785000000000000142e+00 2.000000000000000111e-01 8.000000000000000444e-01 9.000000000000000222e-01
-2.774999999999999911e+00 2.000000000000000111e-01 8.000000000000000444e-01 9.000000000000000222e-01
-2.765000000000000124e+00 2.000000000000000111e-01 8.000000000000000444e-01 9.000000000000000222e-01
-2.754999999999999893e+00 2.000000000000000111e-01 8.000000000000000444e-01 9.000000000000000222e-01
-2.745000000000000107e+00 2.000000000000000111e-01 8.000000000000000444e-01 9.000000000000000222e-01
-2.735000000000000320e+00 2.000000000000000111e-01 8.000000000000000444e-01 9.000000000000000222e-01
-2.725000000000000089e+00 2.000000000000000111e-01 8.000000000000000444e-01 9.000000000000000222e-01
-2.714999999999999858e+00 2.000000000000000111e-01 8.000000000000000444e-01 9.000000000000000222e-01
-2.705000000000000071e+00 2.000000000000000111e-01 8.000000000000000444e-01 9.000000000000000222e-01
-2.695000000000000284e+00 2.000000000000000111e-01 8.000000000000000444e-01 9.000000000000000222e-01
-2.685000000000000053e+00 2.000000000000000111e-01 8.000000000000000444e-01 9.000000000000000222e-01
-2.675000000000000266e+00 2.000000000000000111e-01 8.000000000000000444e-01 9.000000000000000222e-01
-2.665000000000000036e+00 2.000000000000000111e-01 8.000000000000000444e-01 9.000000000000000222e-01
-2.655000000000000249e+00 2.000000000000000111e-01 8.000000000000000444e-01 9.000000000000000222e-01
-2.645000000000000018e+00 2.000000000000000111e-01 8.000000000000000444e-01 9.000000000000000222e-01
-2.635000000000000231e+00 2.000000000000000111e-01 8.000000000000000444e-01 9.000000000000000222e-01
-2.625000000000000000e+00 2.000000000000000111e-01 8.000000000000000444e-01 9.000000000000000222e-01
-2.615000000000000213e+00 2.000000000000000111e-01 8.000000000000000444e-01 9.000000000000000222e-01
-2.604999999999999982e+00 2.000000000000000111e-01 8.000000000000000444e-01 9.000000000000000222e-01
-2.595000000000000195e+00 2.000000000000000111e-01 8.000000000000000444e-01 9.000000000000000222e-01
-2.584999999999999964e+00 2.000000000000000111e-01 8.000000000000000444e-01 9.000000000000000222e-01
-2.575000000000000178e+00 2.000000000000000111e-01 8.000000000000000444e-01 9.000000000000000222e-01
-2.564999999999999947e+00 2.000000000000000111e-01 8.000000000000000444e-01 9.000000000000000222e-01
-2.555000000000000160e+00 2.000000000000000111e-01 8.000000000000000444e-01 9.000000000000000222e-01
-2.544999999999999929e+00 2.000000000000000111e-01 8.000000000000000444e-01 9.000000000000000222e-01
-2.535000000000000142e+00 2.000000000000000111e-01 8.000000000000000444e-01 9.000000000000000222e-01
-2.524999999999999911e+00 2.000000000000000111e-01 8.000000000000000444e-01 9.000000000000000222e-01
-2.515000000000000124e+00 2.000000000000000111e-01 8.000000000000000444e-01 9.000000000000000222e-01
-2.504999999999999893e+00 2.000000000000000111e-01 8.000000000000000444e-01 9.000000000000000222e-01
-2.495000000000000107e+00 2.000000000000000111e-01 8.000000000000000444e-01 9.000000000000000222e-01
-2.485000000000000320e+00 2.000000000000000111e-01 8.000000000000000444e-01 9.000000000000000222e-01
-2.475000000000000089e+00 2.000000000000000111e-01 8.000000000000000444e-01 9.000000000000000222e-01
-2.464999999999999858e+00 2.000000000000000111e-01 8.000000000000000444e-01 9.000000000000000222e-01
-2.455000000000000071e+00 2.000000000000000111e-01 8.000000000000000444e-01 9.000000000000000222e-01
-2.445000000000000284e+00 2.000000000000000111e-01 8.000000000000000444e-01 9.000000000000000222e-01
-2.435000000000000053e+00 2.000000000000000111e-01 8.000000000000000444e-01 9.000000000000000222e-01
-2.424999999999999822e+00 2.000000000000000111e-01 8.000000000000000444e-01 9.000000000000000222e-01
-2.415000000000000036e+00 2.000000000000000111e-01 8.000000000000000444e-01 9.000000000000000222e-01
-2.405000000000000249e+00 2.000000000000000111e-01 8.000000000000000444e-01 9.000000000000000222e-01
-2.395000000000000018e+00 2.000000000000000111e-01 8.000000000000000444e-01 9.000000000000000222e-01
-2.385000000000000231e+00 2.000000000000000111e-01 8.000000000000000444e-01 9.000000000000000222e-01
-2.375000000000000000e+00 2.000000000000000111e-01 8.000000000000000444e-01 9.000000000000000222e-01
-2.365000000000000213e+00 2.000000000000000111e-01 8.000000000000000444e-01 9.000000000000000222e-01
-2.354999999999999982e+00 2.000000000000000111e-01 8.000000000000000444e-01 9.000000000000000222e-01
-2.345000000000000195e+00 2.000000000000000111e-01 8.000000000000000444e-01 9.000000000000000222e-01
-2.334999999999999964e+00 2.000000000000000111e-01 8.000000000000000444e-01 9.000000000000000222e-01
-2.325000000000000178e+00 2.000000000000000111e-01 8.000000000000000444e-01 9.000000000000000222e-01
-2.314999999999999947e+00 2.000000000000000111e-01 8.000000000000000444e-01 9.000000000000000222e-01
-2.305000000000000160e+00 2.000000000000000111e-01 8.000000000000000444e-01 9.000000000000000222e-01
-2.294999999999999929e+00 2.000000000000000111e-01 8.000000000000000444e-01 9.000000000000000222e-01
-2.285000000000000142e+00 2.000000000000000111e-01 8.000000000000000444e-01 9.000000000000000222e-01
-2.275000000000000355e+00 2.000000000000000111e-01 8.000000000000000444e-01 9.000000000000000222e-01
-2.265000000000000124e+00 2.000000000000000111e-01 8.000000000000000444e-01 9.000000000000000222e-01
-2.254999999999999893e+00 2.000000000000000111e-01 8.000000000000000444e-01 9.000000000000000222e-01
-2.245000000000000107e+00 2.000000000000000111e-01 8.000000000000000444e-01 9.000000000000000222e-01
-2.235000000000000320e+00 2.000000000000000111e-01 8.000000000000000444e-01 9.000000000000000222e-01
-2.225000000000000089e+00 2.000000000000000111e-01 8.000000000000000444e-01 9.000000000000000222e-01
-2.214999999999999858e+00 2.000000000000000111e-01 8.000000000000000444e-01 9.000000000000000222e-01
-2.205000000000000071e+00 2.000000000000000111e-01 8.000000000000000444e-01 9.000000000000000222e-01
-2.195000000000000284e+00 2.000000000000000111e-01 8.000000000000000444e-01 9.000000000000000222e-01
-2.185000000000000053e+00 2.000000000000000111e-01 8.000000000000000444e-01 9.000000000000000222e-01
-2.174999999999999822e+00 2.000000000000000111e-01 8.000000000000000444e-01 9.000000000000000222e-01
-2.165000000000000036e+00 2.000000000000000111e-01 8.000000000000000444e-01 9.000000000000000222e-01
-2.155000000000000249e+00 2.000000000000000111e-01 8.000000000000000444e-01 9.000000000000000222e-01
-2.145000000000000018e+00 2.000000000000000111e-01 8.000000000000000444e-01 9.000000000000000222e-01
-2.135000000000000231e+00 2.000000000000000111e-01 8.000000000000000444e-01 9.000000000000000222e-01
-2.125000000000000000e+00 2.000000000000000111e-01 8.000000000000000444e-01 9.000000000000000222e-01
-2.115000000000000213e+00 2.000000000000000111e-01 8.000000000000000444e-01 9.000000000000000222e-01
-2.104999999999999982e+00 2.000000000000000111e-01 8.000000000000000444e-01 9.000000000000000222e-01
-2.095000000000000195e+00 2.000000000000000111e-01 8.000000000000000444e-01 9.000000000000000222e-01
-2.084999999999999964e+00 2.000000000000000111e-01 8.000000000000000444e-01 9.000000000000000222e-01
-2.075000000000000178e+00 2.000000000000000111e-01 8.000000000000000444e-01 9.000000000000000222e-01
-2.064999999999999947e+00 2.000000000000000111e-01 8.000000000000000444e-01 9.000000000000000222e-01
-2.055000000000000160e+00 2.000000000000000111e-01 8.000000000000000444e-01 9.000000000000000222e-01
-2.044999999999999929e+00 2.000000000000000111e-01 8.000000000000000444e-01 9.000000000000000222e-01
-2.035000000000000142e+00 2.000000000000000111e-01 8.000000000000000444e-01 9.000000000000000222e-01
-2.025000000000000355e+00 2.000000000000000111e-01 8.000000000000000444e-01 9.000000000000000222e-01
-2.015000000000000124e+00 2.000000000000000111e-01 8.000000000000000444e-01 9.000000000000000222e-01
-2.004999999999999893e+00 2.000000000000000111e-01 8.000000000000000444e-01 9.000000000000000222e-01
-1.995000000000000107e+00 2.000000000000000111e-01 8.000000000000000444e-01 9.000000000000000222e-01
-1.985000000000000098e+00 2.000000000000000111e-01 8.000000000000000444e-01 9.000000000000000222e-01
-1.975000000000000089e+00 2.000000000000000111e-01 8.000000000000000444e-01 9.000000000000000222e-01
-1.965000000000000080e+00 2.000000000000000111e-01 8.000000000000000444e-01 9.000000000000000222e-01
-1.955000000000000071e+00 2.000000000000000111e-01 8.000000000000000444e-01 9.000000000000000222e-01
-1.945000000000000062e+00 2.000000000000000111e-01 8.000000000000000444e-01 9.000000000000000222e-01
-1.935000000000000053e+00 2.000000000000000111e-01 8.000000000000000444e-01 9.000000000000000222e-01
-1.925000000000000044e+00 2.000000000000000111e-01 8.000000000000000444e-01 9.000000000000000222e-01
-1.915000000000000036e+00 2.000000000000000111e-01 8.000000000000000444e-01 9.000000000000000222e-01
-1.905000000000000027e+00 2.000000000000000111e-01 8.000000000000000444e-01 9.000000000000000222e-01
-1.895000000000000018e+00 2.000000000000000111e-01 8.000000000000000444e-01 9.000000000000000222e-01
-1.885000000000000009e+00 2.000000000000000111e-01 8.000000000000000444e-01 9.000000000000000222e-01
-1.875000000000000000e+00 2.000000000000000111e-01 8.000000000000000444e-01 9.000000000000000222e-01
-1.864999999999999991e+00 2.000000000000000111e-01 8.000000000000000444e-01 9.000000000000000222e-01
-1.854999999999999982e+00 2.000000000000000111e-01 8.000000000000000444e-01 9.000000000000000222e-01
-1.844999999999999973e+00 2.000000000000000111e-01 8.000000000000000444e-01 9.000000000000000222e-01
-1.835000000000000187e+00 2.000000000000000111e-01 8.000000000000000444e-01 9.000000000000000222e-01
-1.825000000000000178e+00 2.000000000000000111e-01 8.000000000000000444e-01 9.000000000000000222e-01
-1.815000000000000169e+00 2.000000000000000111e-01 8.000000000000000444e-01 9.000000000000000222e-01
-1.805000000000000160e+00 2.000000000000000111e-01 8.000000000000000444e-01 9.000000000000000222e-01
-1.795000000000000151e+00 2.000000000000000111e-01 8.000000000000000444e-01 9.000000000000000222e-01
-1.785000000000000142e+00 2.000000000000000111e-01 8.000000000000000444e-01 9.000000000000000222e-01
-1.775000000000000133e+00 2.000000000000000111e-01 8.000000000000000444e-01 9.000000000000000222e-01
-1.765000000000000124e+00 2.000000000000000111e-01 8.000000000000000444e-01 9.000000000000000222e-01
-1.755000000000000115e+00 2.000000000000000111e-01 8.000000000000000444e-01 9.000000000000000222e-01
-1.745000000000000107e+00 2.000000000000000111e-01 8.000000000000000444e-01 9.000000000000000222e-01
-1.735000000000000098e+00 2.000000000000000111e-01 8.000000000000000444e-01 9.000000000000000222e-01
-1.725000000000000089e+00 2.000000000000000111e-01 8.000000000000000444e-01 9.000000000000000222e-01
-1.715000000000000080e+00 2.000000000000000111e-01 8.000000000000000444e-01 9.000000000000000222e-01
-1.705000000000000071e+00 2.000000000000000111e-01 8.000000000000000444e-01 9.000000000000000222e-01
-1.695000000000000062e+00 2.000000000000000111e-01 8.000000000000000444e-01 9.000000000000000222e-01
-1.685000000000000053e+00 2.000000000000000111e-01 8.000000000000000444e-01 9.000000000000000222e-01
-1.675000000000000044e+00 2.000000000000000111e-01 8.000000000000000444e-01 9.000000000000000222e-01
-1.665000000000000036e+00 2.000000000000000111e-01 8.000000000000000444e-01 9.000000000000000222e-01
-1.655000000000000027e+00 2.000000000000000111e-01 8.000000000000000444e-01 9.000000000000000222e-01
-1.645000000000000018e+00 2.000000000000000111e-01 8.000000000000000444e-01 9.000000000000000222e-01
-1.635000000000000009e+00 2.000000000000000111e-01 8.000000000000000444e-01 9.000000000000000222e-01
-1.625000000000000000e+00 2.000000000000000111e-01 8.000000000000000444e-01 9.000000000000000222e-01
-1.614999999999999991e+00 2.000000000000000111e-01 8.000000000000000444e-01 9.000000000000000222e-01
-1.604999999999999982e+00 2.000000000000000111e-01 8.000000000000000444e-01 9.000000000000000222e-01
-1.594999999999999973e+00 2.000000000000000111e-01 8.000000000000000444e-01 9.000000000000000222e-01
-1.585000000000000187e+00 2.000000000000000111e-01 8.000000000000000444e-01 9.000000000000000222e-01
-1.575000000000000178e+00 2.000000000000000111e-01 8.000000000000000444e-01 9.000000000000000222e-01
-1.565000000000000169e+00 2.000000000000000111e-01 8.000000000000000444e-01 9.000000000000000222e-01
-1.555000000000000160e+00 2.000000000000000111e-01 8.000000000000000444e-01 9.000000000000000222e-01
-1.545000000000000151e+00 2.000000000000000111e-01 8.000000000000000444e-01 9.000000000000000222e-01
-1.535000000000000142e+00 2.000000000000000111e-01 8.000000000000000444e-01 9.000000000000000222e-01
-1.525000000000000133e+00 2.000000000000000111e-01 8.000000000000000444e-01 9.000000000000000222e-01
-1.515000000000000124e+00 2.000000000000000111e-01 8.000000000000000444e-01 9.000000000000000222e-01
-1.505000000000000115e+00 2.000000000000000111e-01 8.000000000000000444e-01 9.000000000000000222e-01
-1.495000000000000107e+00 2.000000000000000111e-01 8.000000000000000444e-01 9.000000000000000222e-01
-1.485000000000000098e+00 2.000000000000000111e-01 8.000000000000000444e-01 9.000000000000000222e-01
-1.475000000000000089e+00 2.000000000000000111e-01 8.000000000000000444e-01 9.000000000000000222e-01
-1.465000000000000080e+00 2.000000000000000111e-01 8.000000000000000444e-01 9.000000000000000222e-01
-1.455000000000000071e+00 2.000000000000000111e-01 8.000000000000000444e-01 9.000000000000000222e-01
-1.445000000000000062e+00 2.000000000000000111e-01 8.000000000000000444e-01 9.000000000000000222e-01
-1.435000000000000053e+00 2.000000000000000111e-01 8.000000000000000444e-01 9.000000000000000222e-01
-1.425000000000000044e+00 2.000000000000000111e-01 8.000000000000000444e-01 9.000000000000000222e-01
-1.415000000000000036e+00 2.000000000000000111e-01 8.000000000000000444e-01 9.000000000000000222e-01
-1.405000000000000027e+00 2.000000000000000111e-01 8.000000000000000444e-01 9.000000000000000222e-01
-1.395000000000000018e+00 2.000000000000000111e-01 8.000000000000000444e-01 9.000000000000000222e-01
-1.385000000000000009e+00 2.000000000000000111e-01 8.000000000000000444e-01 9.000000000000000222e-01
-1.375000000000000000e+00 2.000000000000000111e-01 8.000000000000000444e-01 9.000000000000000222e-01
-1.364999999999999991e+00 2.000000000000000111e-01 8.000000000000000444e-01 9.000000000000000222e-01
-1.354999999999999982e+00 2.000000000000000111e-01 8.000000000000000444e-01 9.000000000000000222e-01
-1.344999999999999973e+00 2.000000000000000111e-01 8.000000000000000444e-01 9.000000000000000222e-01
-1.334999999999999964e+00 2.000000000000000111e-01 8.000000000000000444e-01 9.000000000000000222e-01
-1.325000000000000178e+00 2.000000000000000111e-01 8.000000000000000444e-01 9.000000000000000222e-01
-1.315000000000000169e+00 2.000000000000000111e-01 8.000000000000000444e-01 9.000000000000000222e-01
-1.305000000000000160e+00 2.000000000000000111e-01 8.000000000000000444e-01 9.000000000000000222e-01
-1.295000000000000151e+00 2.000000000000000111e-01 8.000000000000000444e-01 9.000000000000000222e-01
-1.285000000000000142e+00 2.000000000000000111e-01 8.000000000000000444e-01 9.000000000000000222e-01
-1.275000000000000133e+00 2.000000000000000111e-01 8.000000000000000444e-01 9.000000000000000222e-01
-1.265000000000000124e+00 2.000000000000000111e-01 8.000000000000000444e-01 9.000000000000000222e-01
-1.255000000000000115e+00 2.000000000000000111e-01 8.000000000000000444e-01 9.000000000000000222e-01
-1.245000000000000107e+00 2.000000000000000111e-01 8.000000000000000444e-01 9.000000000000000222e-01
-1.235000000000000098e+00 2.000000000000000111e-01 8.000000000000000444e-01 9.000000000000000222e-01
-1.225000000000000089e+00 2.000000000000000111e-01 8.000000000000000444e-01 9.000000000000000222e-01
-1.215000000000000080e+00 2.000000000000000111e-01 8.000000000000000444e-01 9.000000000000000222e-01
-1.205000000000000071e+00 2.000000000000000111e-01 8.000000000000000444e-01 9.000000000000000222e-01
-1.195000000000000062e+00 2.000000000000000111e-01 8.000000000000000444e-01 9.000000000000000222e-01
-1.185000000000000053e+00 2.000000000000000111e-01 8.000000000000000444e-01 9.000000000000000222e-01
-1.175000000000000044e+00 2.000000000000000111e-01 8.000000000000000444e-01 9.000000000000000222e-01
-1.165000000000000036e+00 2.000000000000000111e-01 8.000000000000000444e-01 9.000000000000000222e-01
-1.155000000000000027e+00 2.000000000000000111e-01 8.000000000000000444e-01 9.000000000000000222e-01
-1.145000000000000018e+00 2.000000000000000111e-01 8.000000000000000444e-01 9.000000000000000222e-01
-1.135000000000000009e+00 2.000000000000000111e-01 8.000000000000000444e-01 9.000000000000000222e-01
-1.125000000000000000e+00 2.000000000000000111e-01 8.000000000000000444e-01 9.000000000000000222e-01
-1.114999999999999991e+00 2.000000000000000111e-01 8.000000000000000444e-01 9.000000000000000222e-01
-1.104999999999999982e+00 2.000000000000000111e-01 8.000000000000000444e-01 9.000000000000000222e-01
-1.094999999999999973e+00 2.000000000000000111e-01 8.000000000000000444e-01 9.000000000000000222e-01
-1.084999999999999964e+00 2.000000000000000111e-01 8.000000000000000444e-01 9.000000000000000222e-01
-1.075000000000000178e+00 2.000000000000000111e-01 8.000000000000000444e-01 9.000000000000000222e-01
-1.065000000000000169e+00 2.000000000000000111e-01 8.000000000000000444e-01 9.000000000000000222e-01
-1.055000000000000160e+00 2.000000000000000111e-01 8.000000000000000444e-01 9.000000000000000222e-01
-1.045000000000000151e+00 2.000000000000000111e-01 8.000000000000000444e-01 9.000000000000000222e-01
-1.035000000000000142e+00 2.000000000000000111e-01 8.000000000000000444e-01 9.000000000000000222e-01
-1.025000000000000133e+00 2.000000000000000111e-01 8.000000000000000444e-01 9.000000000000000222e-01
-1.015000000000000124e+00 2.000000000000000111e-01 8.000000000000000444e-01 9.000000000000000222e-01
-1.005000000000000115e+00 2.000000000000000111e-01 8.000000000000000444e-01 9.000000000000000222e-01
-9.949999999999999956e-01 2.000000000000000111e-01 8.000000000000000444e-01 9.000000000000000222e-01
-9.849999999999997646e-01 2.000000000000000111e-01 8.000000000000000444e-01 9.000000000000000222e-01
-9.749999999999999778e-01 2.000000000000000111e-01 8.000000000000000444e-01 9.000000000000000222e-01
-9.649999999999997469e-01 2.000000000000000111e-01 8.000000000000000444e-01 9.000000000000000222e-01
-9.549999999999999600e-01 2.000000000000000111e-01 8.000000000000000444e-01 9.000000000000000222e-01
-9.450000000000001732e-01 2.000000000000000111e-01 8.000000000000000444e-01 9.000000000000000222e-01
-9.349999999999999423e-01 2.000000000000000111e-01 8.000000000000000444e-01 9.000000000000000222e-01
-9.250000000000001554e-01 2.000000000000000111e-01 8.000000000000000444e-01 9.000000000000000222e-01
-9.149999999999999245e-01 2.000000000000000111e-01 8.000000000000000444e-01 9.000000000000000222e-01
-9.050000000000001377e-01 2.000000000000000111e-01 8.000000000000000444e-01 9.000000000000000222e-01
-8.949999999999999067e-01 2.000000000000000111e-01 8.000000000000000444e-01 9.000000000000000222e-01
-8.850000000000001199e-01 2.000000000000000111e-01 8.000000000000000444e-01 9.000000000000000222e-01
-8.749999999999998890e-01 2.000000000000000111e-01 8.000000000000000444e-01 9.000000000000000222e-01
-8.650000000000001021e-01 2.000000000000000111e-01 8.000000000000000444e-01 9.000000000000000222e-01
-8.549999999999998712e-01 2.000000000000000111e-01 8.000000000000000444e-01 9.000000000000000222e-01
-8.450000000000000844e-01 2.000000000000000111e-01 8.000000000000000444e-01 9.000000000000000222e-01
-8.349999999999998535e-01 2.000000000000000111e-01 8.000000000000000444e-01 9.000000000000000222e-01
-8.250000000000000666e-01 2.000000000000000111e-01 8.000000000000000444e-01 9.000000000000000222e-01
-8.149999999999998357e-01 2.000000000000000111e-01 8.000000000000000444e-01 9.000000000000000222e-01
-8.050000000000000488e-01 2.000000000000000111e-01 8.000000000000000444e-01 9.000000000000000222e-01
-7.949999999999998179e-01 2.000000000000000111e-01 8.000000000000000444e-01 9.000000000000000222e-01
-7.850000000000000311e-01 2.000000000000000111e-01 8.000000000000000444e-01 9.000000000000000222e-01
-7.749999999999998002e-01 2.000000000000000111e-01 8.000000000000000444e-01 9.000000000000000222e-01
-7.650000000000000133e-01 2.000000000000000111e-01 8.000000000000000444e-01 9.000000000000000222e-01
-7.549999999999997824e-01 2.000000000000000111e-01 8.000000000000000444e-01 9.000000000000000222e-01
-7.449999999999999956e-01 2.000000000000000111e-01 8.000000000000000444e-01 9.000000000000000222e-01
-7.349999999999997646e-01 2.000000000000000111e-01 8.000000000000000444e-01 9.000000000000000222e-01
-7.249999999999999778e-01 2.000000000000000111e-01 8.000000000000000444e-01 9.000000000000000222e-01
-7.149999999999997469e-01 2.000000000000000111e-01 8.000000000000000444e-01 9.000000000000000222e-01
-7.049999999999999600e-01 2.000000000000000111e-01 8.000000000000000444e-01 9.000000000000000222e-01
-6.949999999999997291e-01 2.000000000000000111e-01 8.000000000000000444e-01 9.000000000000000222e-01
-6.849999999999999423e-01 2.000000000000000111e-01 8.000000000000000444e-01 9.000000000000000222e-01
-6.750000000000001554e-01 2.000000000000000111e-01 8.000000000000000444e-01 9.000000000000000222e-01
-6.649999999999999245e-01 2.000000000000000111e-01 8.000000000000000444e-01 9.000000000000000222e-01
-6.550000000000001377e-01 2.000000000000000111e-01 8.000000000000000444e-01 9.000000000000000222e-01
-6.449999999999999067e-01 2.000000000000000111e-01 8.000000000000000444e-01 9.000000000000000222e-01
-6.350000000000001199e-01 2.000000000000000111e-01 8.000000000000000444e-01 9.000000000000000222e-01
-6.249999999999998890e-01 2.000000000000000111e-01 8.000000000000000444e-01 9.000000000000000222e-01
-6.150000000000001021e-01 2.000000000000000111e-01 8.000000000000000444e-01 9.000000000000000222e-01
-6.049999999999998712e-01 2.000000000000000111e-01 8.000000000000000444e-01 9.000000000000000222e-01
-5.950000000000000844e-01 2.000000000000000111e-01 8.000000000000000444e-01 9.000000000000000222e-01
-5.849999999999998535e-01 2.000000000000000111e-01 8.000000000000000444e-01 9.000000000000000222e-01
-5.750000000000000666e-01 2.000000000000000111e-01 8.000000000000000444e-01 9.000000000000000222e-01
-5.649999999999998357e-01 2.000000000000000111e-01 8.000000000000000444e-01 9.000000000000000222e-01
-5.550000000000000488e-01 2.000000000000000111e-01 8.000000000000000444e-01 9.000000000000000222e-01
-5.449999999999998179e-01 2.000000000000000111e-01 8.000000000000000444e-01 9.000000000000000222e-01
-5.350000000000000311e-01 2.000000000000000111e-01 8.000000000000000444e-01 9.000000000000000222e-01
-5.249999999999998002e-01 2.000000000000000111e-01 8.000000000000000444e-01 9.000000000000000222e-01
-5.150000000000000133e-01 2.000000000000000111e-01 8.000000000000000444e-01 9.000000000000000222e-01
-5.049999999999997824e-01 2.000000000000000111e-01 8.000000000000000444e-01 9.000000000000000222e-01
-4.949999999999999956e-01 2.000000000000000111e-01 8.000000000000000444e-01 9.000000000000000222e-01
-4.849999999999997646e-01 2.000000000000000111e-01 8.000000000000000444e-01 9.000000000000000222e-01
-4.749999999999999778e-01 2.000000000000000111e-01 8.000000000000000444e-01 9.000000000000000222e-01
-4.649999999999997469e-01 2.000000000000000111e-01 8.000000000000000444e-01 9.000000000000000222e-01
-4.549999999999999600e-01 2.000000000000000111e-01 8.000000000000000444e-01 9.000000000000000222e-01
-4.449999999999997291e-01 2.000000000000000111e-01 8.000000000000000444e-01 9.000000000000000222e-01
-4.349999999999999423e-01 2.000000000000000111e-01 8.000000000000000444e-01 9.000000000000000222e-01
-4.250000000000001554e-01 2.000000000000000111e-01 8.000000000000000444e-01 9.000000000000000222e-01
-4.149999999999999245e-01 2.000000000000000111e-01 8.000000000000000444e-01 9.000000000000000222e-01
-4.050000000000001377e-01 2.000000000000000111e-01 8.000000000000000444e-01 9.000000000000000222e-01
-3.949999999999999067e-01 2.000000000000000111e-01 8.000000000000000444e-01 9.000000000000000222e-01
-3.850000000000001199e-01 2.000000000000000111e-01 8.000000000000000444e-01 9.000000000000000222e-01
-3.749999999999998890e-01 2.000000000000000111e-01 8.000000000000000444e-01 9.000000000000000222e-01
-3.650000000000001021e-01 2.000000000000000111e-01 8.000000000000000444e-01 9.000000000000000222e-01
-3.549999999999998712e-01 2.000000000000000111e-01 8.000000000000000444e-01 9.000000000000000222e-01
-3.450000000000000844e-01 2.000000000000000111e-01 8.000000000000000444e-01 9.000000000000000222e-01
-3.349999999999998535e-01 2.000000000000000111e-01 8.000000000000000444e-01 9.000000000000000222e-01
-3.250000000000000666e-01 2.000000000000000111e-01 8.000000000000000444e-01 9.000000000000000222e-01
-3.149999999999998357e-01 2.000000000000000111e-01 8.000000000000000444e-01 9.000000000000000222e-01
-3.050000000000000488e-01 2.000000000000000111e-01 8.000000000000000444e-01 9.000000000000000222e-01
-2.949999999999998179e-01 2.000000000000000111e-01 8.000000000000000444e-01 9.000000000000000222e-01
-2.850000000000000311e-01 2.000000000000000111e-01 8.000000000000000444e-01 9.000000000000000222e-01
-2.749999999999998002e-01 2.000000000000000111e-01 8.000000000000000444e-01 9.000000000000000222e-01
-2.650000000000000133e-01 2.000000000000000111e-01 8.000000000000000444e-01 9.000000000000000222e-01
-2.549999999999997824e-01 2.000000000000000111e-01 8.000000000000000444e-01 9.000000000000000222e-01
-2.449999999999999956e-01 2.000000000000000111e-01 8.000000000000000444e-01 9.000000000000000222e-01
-2.349999999999997646e-01 2.000000000000000111e-01 8.000000000000000444e-01 9.000000000000000222e-01
-2.249999999999999778e-01 2.000000000000000111e-01 8.000000000000000444e-01 9.000000000000000222e-01
-2.149999999999997469e-01 2.000000000000000111e-01 8.000000000000000444e-01 9.000000000000000222e-01
-2.049999999999999600e-01 2.000000000000000111e-01 8.000000000000000444e-01 9.000000000000000222e-01
-1.949999999999997291e-01 2.000000000000000111e-01 8.000000000000000444e-01 9.000000000000000222e-01
-1.849999999999999423e-01 2.000000000000000111e-01 8.000000000000000444e-01 9.000000000000000222e-01
-1.750000000000001554e-01 2.000000000000000111e-01 8.000000000000000444e-01 9.000000000000000222e-01
-1.649999999999999245e-01 2.000000000000000111e-01 8.000000000000000444e-01 9.000000000000000222e-01
-1.550000000000001377e-01 2.000000000000000111e-01 8.000000000000000444e-01 9.000000000000000222e-01
-1.449999999999999067e-01 2.000000000000000111e-01 8.000000000000000444e-01 9.000000000000000222e-01
-1.350000000000001199e-01 2.000000000000000111e-01 8.000000000000000444e-01 9.000000000000000222e-01
-1.249999999999998890e-01 2.000000000000000111e-01 8.000000000000000444e-01 9.000000000000000222e-01
-1.150000000000001021e-01 2.000000000000000111e-01 8.000000000000000444e-01 9.000000000000000222e-01
-1.049999999999998712e-01 2.000000000000000111e-01 8.000000000000000444e-01 9.000000000000000222e-01
-9.500000000000008438e-02 2.000000000000000111e-01 8.000000000000000444e-01 9.000000000000000222e-01
-8.499999999999985345e-02 2.000000000000000111e-01 8.000000000000000444e-01 9.000000000000000222e-01
-7.500000000000006661e-02 2.000000000000000111e-01 8.000000000000000444e-01 9.000000000000000222e-01
-6.499999999999983569e-02 2.000000000000000111e-01 8.000000000000000444e-01 9.000000000000000222e-01
-5.500000000000005579e-02 2.000000000000000111e-01 8.000000000000000444e-01 9.000000000000000222e-01
-4.499999999999982486e-02 2.000000000000000111e-01 8.000000000000000444e-01 9.000000000000000222e-01
-3.500000000000003803e-02 2.000000000000000111e-01 8.000000000000000444e-01 9.000000000000000222e-01
-2.499999999999980363e-02 2.000000000000000111e-01 8.000000000000000444e-01 9.000000000000000222e-01
-1.500000000000001679e-02 2.000000000000000111e-01 8.000000000000000444e-01 9.000000000000000222e-01
-4.999999999999786733e-03 2.000000000000000111e-01 8.000000000000000444e-01 9.000000000000000222e-01
5.000000000000000104e-03 2.000000000000000389e-01 7.999999999999998224e-01 9.000000000000005773e-01
1.500000000000023190e-02 2.000000000000000389e-01 7.999999999999997113e-01 9.000000000000009104e-01
2.500000000000001874e-02 2.000000000000000666e-01 7.999999999999998224e-01 9.000000000000010214e-01
3.500000000000024619e-02 2.000000000000000666e-01 7.999999999999997113e-01 9.000000000000014655e-01
4.500000000000003303e-02 2.000000000000000944e-01 7.999999999999998224e-01 9.000000000000015765e-01
5.500000000000026396e-02 2.000000000000000666e-01 7.999999999999999334e-01 9.000000000000016875e-01
6.500000000000005773e-02 2.000000000000000666e-01 8.000000000000002665e-01 9.000000000000015765e-01
7.500000000000028866e-02 2.000000000000000666e-01 8.000000000000001554e-01 9.000000000000020206e-01
8.500000000000007550e-02 2.000000000000000666e-01 8.000000000000002665e-01 9.000000000000021316e-01
9.499999999999986233e-02 2.000000000000000666e-01 8.000000000000002665e-01 9.000000000000024647e-01
1.050000000000000933e-01 2.000000000000000944e-01 8.000000000000003775e-01 9.000000000000025757e-01
1.149999999999998801e-01 2.000000000000000666e-01 8.000000000000002665e-01 9.000000000000030198e-01
1.250000000000001110e-01 2.000000000000000666e-01 8.000000000000001554e-01 9.000000000000034639e-01
1.349999999999998979e-01 2.000000000000000666e-01 8.000000000000004885e-01 9.000000000000033529e-01
1.450000000000001288e-01 2.000000000000000666e-01 8.000000000000005995e-01 9.000000000000034639e-01
1.549999999999999156e-01 2.000000000000000944e-01 8.000000000000007105e-01 9.000000000000035749e-01
1.650000000000001465e-01 2.000000000000000944e-01 8.000000000000005995e-01 9.000000000000040190e-01
1.749999999999999334e-01 2.000000000000000666e-01 8.000000000000003775e-01 9.000000000000044631e-01
1.850000000000001643e-01 2.000000000000001221e-01 8.000000000000003775e-01 9.000000000000046851e-01
1.949999999999999512e-01 2.000000000000001221e-01 8.000000000000002665e-01 9.000000000000051292e-01
2.050000000000001821e-01 2.000000000000001499e-01 8.000000000000002665e-01 9.000000000000053513e-01
2.149999999999999689e-01 2.000000000000001499e-01 8.000000000000001554e-01 9.000000000000057954e-01
2.250000000000001998e-01 2.000000000000001499e-01 8.000000000000004885e-01 9.000000000000056843e-01
2.349999999999999867e-01 2.000000000000001499e-01 8.000000000000003775e-01 9.000000000000059064e-01
2.450000000000002176e-01 2.000000000000001499e-01 8.000000000000003775e-01 9.000000000000062395e-01
2.550000000000000044e-01 2.000000000000001776e-01 8.000000000000004885e-01 9.000000000000063505e-01
2.650000000000002354e-01 2.000000000000002054e-01 8.000000000000007105e-01 9.000000000000063505e-01
2.750000000000000222e-01 2.000000000000002054e-01 8.000000000000007105e-01 9.000000000000066835e-01
2.850000000000002531e-01 2.000000000000002331e-01 8.000000000000008216e-01 9.000000000000067946e-01
2.950000000000000400e-01 2.000000000000002331e-01 8.000000000000007105e-01 9.000000000000072387e-01
3.050000000000002709e-01 2.000000000000002331e-01 8.000000000000008216e-01 9.000000000000073497e-01
3.150000000000000577e-01 2.000000000000002609e-01 8.000000000000005995e-01 9.000000000000079048e-01
3.250000000000002887e-01 2.000000000000002887e-01 8.000000000000005995e-01 9.000000000000080158e-01
3.350000000000000755e-01 2.000000000000002887e-01 8.000000000000005995e-01 9.000000000000082379e-01
3.449999999999998623e-01 2.000000000000003164e-01 8.000000000000003775e-01 9.000000000000086819e-01
3.550000000000000933e-01 2.000000000000002887e-01 8.000000000000003775e-01 9.000000000000090150e-01
3.649999999999998801e-01 2.000000000000002887e-01 8.000000000000007105e-01 9.000000000000089040e-01
3.750000000000001110e-01 2.000000000000002887e-01 8.000000000000007105e-01 9.000000000000091260e-01
3.849999999999998979e-01 2.000000000000002887e-01 8.000000000000009326e-01 9.000000000000092371e-01
3.950000000000001288e-01 2.000000000000002887e-01 8.000000000000008216e-01 9.000000000000095701e-01
4.049999999999999156e-01 2.000000000000002887e-01 8.000000000000011546e-01 9.000000000000094591e-01
4.150000000000001465e-01 2.000000000000002609e-01 8.000000000000010436e-01 9.000000000000099032e-01
4.249999999999999334e-01 2.000000000000002887e-01 8.000000000000011546e-01 9.000000000000097922e-01
4.350000000000001643e-01 2.000000000000003164e-01 8.000000000000012657e-01 9.000000000000099032e-01
4.449999999999999512e-01 2.000000000000003164e-01 8.000000000000012657e-01 9.000000000000100142e-01
4.550000000000001821e-01 2.000000000000002331e-01 8.000000000000014877e-01 9.000000000000101252e-01
4.649999999999999689e-01 2.000000000000002331e-01 8.000000000000017097e-01 9.000000000000101252e-01
4.750000000000001998e-01 2.000000000000002331e-01 8.000000000000017097e-01 9.000000000000104583e-01
4.849999999999999867e-01 2.000000000000002609e-01 8.000000000000018208e-01 9.000000000000105693e-01
4.950000000000002176e-01 2.000000000000002331e-01 8.000000000000018208e-01 9.000000000000107914e-01
5.050000000000000044e-01 2.000000000000002609e-01 8.000000000000020428e-01 9.000000000000109024e-01
5.150000000000002354e-01 2.000000000000002887e-01 8.000000000000018208e-01 9.000000000000113465e-01
5.250000000000000222e-01 2.000000000000002887e-01 8.000000000000018208e-01 9.000000000000116795e-01
5.350000000000002531e-01 2.000000000000002887e-01 8.000000000000015987e-01 9.000000000000122347e-01
5.450000000000000400e-01 2.000000000000003164e-01 8.000000000000019318e-01 9.000000000000121236e-01
5.550000000000002709e-01 2.000000000000003442e-01 8.000000000000018208e-01 9.000000000000124567e-01
5.650000000000000577e-01 2.000000000000003442e-01 8.000000000000019318e-01 9.000000000000126787e-01
5.750000000000002887e-01 2.000000000000003719e-01 8.000000000000019318e-01 9.000000000000129008e-01
5.850000000000000755e-01 2.000000000000003719e-01 8.000000000000020428e-01 9.000000000000131228e-01
5.949999999999998623e-01 2.000000000000003997e-01 8.000000000000019318e-01 9.000000000000134559e-01
6.050000000000000933e-01 2.000000000000003997e-01 8.000000000000021538e-01 9.000000000000135669e-01
6.149999999999998801e-01 2.000000000000004274e-01 8.000000000000023759e-01 9.000000000000135669e-01
6.250000000000001110e-01 2.000000000000004274e-01 8.000000000000021538e-01 9.000000000000141220e-01
6.349999999999998979e-01 2.000000000000003997e-01 8.000000000000022649e-01 9.000000000000142331e-01
6.450000000000001288e-01 2.000000000000004274e-01 8.000000000000024869e-01 9.000000000000142331e-01
6.549999999999999156e-01 2.000000000000004552e-01 8.000000000000024869e-01 9.000000000000145661e-01
6.650000000000001465e-01 2.000000000000004829e-01 8.000000000000023759e-01 9.000000000000148992e-01
6.749999999999999334e-01 2.000000000000004552e-01 8.000000000000022649e-01 9.000000000000153433e-01
6.850000000000001643e-01 2.000000000000004552e-01 8.000000000000024869e-01 9.000000000000153433e-01
6.949999999999999512e-01 2.000000000000004552e-01 8.000000000000024869e-01 9.000000000000156763e-01
7.050000000000001821e-01 2.000000000000004829e-01 8.000000000000025979e-01 9.000000000000157874e-01
7.149999999999999689e-01 2.000000000000004829e-01 8.000000000000025979e-01 9.000000000000161204e-01
7.250000000000001998e-01 2.000000000000005107e-01 8.000000000000027089e-01 9.000000000000162315e-01
7.349999999999999867e-01 2.000000000000005107e-01 8.000000000000025979e-01 9.000000000000166755e-01
7.450000000000002176e-01 2.000000000000005107e-01 8.000000000000028200e-01 9.000000000000165645e-01
7.550000000000000044e-01 2.000000000000005107e-01 8.000000000000027089e-01 9.000000000000168976e-01
7.650000000000002354e-01 2.000000000000005107e-01 8.000000000000025979e-01 9.000000000000173417e-01
7.750000000000000222e-01 2.000000000000005107e-01 8.000000000000029310e-01 9.000000000000172307e-01
7.850000000000002531e-01 2.000000000000004829e-01 8.000000000000029310e-01 9.000000000000174527e-01
7.950000000000000400e-01 2.000000000000004552e-01 8.000000000000029310e-01 9.000000000000181188e-01
8.050000000000002709e-01 2.000000000000004829e-01 8.000000000000024869e-01 9.000000000000200062e-01
8.150000000000000577e-01 2.000000000000005107e-01 8.000000000000018208e-01 9.000000000000242251e-01
8.250000000000002887e-01 2.000000000000005385e-01 8.000000000000001554e-01 9.000000000000349942e-01
8.350000000000000755e-01 2.000000000000005385e-01 7.999999999999962697e-01 9.000000000000594191e-01
8.449999999999998623e-01 2.000000000000005107e-01 7.999999999999886091e-01 9.000000000001128209e-01
8.550000000000000933e-01 2.000000000000004829e-01 7.999999999999714007e-01 9.000000000002298384e-01
8.649999999999998801e-01 2.000000000000004274e-01 7.999999999999343192e-01 9.000000000004809708e-01
8.750000000000001110e-01 2.000000000000004274e-01 7.999999999998554934e-01 9.000000000010134338e-01
8.849999999999998979e-01 2.000000000000003719e-01 7.999999999996908473e-01 9.000000000021298741e-01
8.950000000000001288e-01 2.000000000000003164e-01 7.999999999993493427e-01 9.000000000044446891e-01
9.049999999999999156e-01 2.000000000000003164e-01 7.999999999986487920e-01 9.000000000091908925e-01
9.150000000000001465e-01 2.000000000000003164e-01 7.999999999972275955e-01 9.000000000188196347e-01
9.249999999999999334e-01 2.000000000000003442e-01 7.999999999943754325e-01 9.000000000381455090e-01
9.350000000000001643e-01 2.000000000000002609e-01 7.999999999887104085e-01 9.000000000765343566e-01
9.449999999999999512e-01 2.000000000000002331e-01 7.999999999775717630e-01 9.000000001520135351e-01
9.550000000000001821e-01 2.000000000000002609e-01 7.999999999558903285e-01 9.000000002989341219e-01
9.649999999999999689e-01 2.000000000000002887e-01 7.999999999141007567e-01 9.000000005821120475e-01
9.750000000000001998e-01 2.000000000000003164e-01 7.999999998343291230e-01 9.000000011226679808e-01
9.849999999999999867e-01 2.000000000000002609e-01 7.999999996834882277e-01 9.000000021448125720e-01
9.950000000000002176e-01 2.000000000000002887e-01 7.999999994008899495e-01 9.000000040597854190e-01
1.004999999999999893e+00 2.000000000000002887e-01 7.999999988762179770e-01 9.000000076151251083e-01
1.014999999999999680e+00 2.000000000000003719e-01 7.999999979106857673e-01 9.000000141578684554e-01
1.025000000000000355e+00 2.000000000000005385e-01 7.999999961491151002e-01 9.000000260948135544e-01
1.035000000000000142e+00 2.000000000000009270e-01 7.999999929620935646e-01 9.000000476910514635e-01
1.044999999999999929e+00 2.000000000000017319e-01 7.999999872430783032e-01 9.000000864448592930e-01
1.054999999999999716e+00 2.000000000000035916e-01 7.999999770615807693e-01 9.000001554378148638e-01
1.065000000000000391e+00 2.000000000000078937e-01 7.999999590744423239e-01 9.000002773241660980e-01
1.075000000000000178e+00 2.000000000000180245e-01 7.999999275329962023e-01 9.000004910585793771e-01
1.084999999999999964e+00 2.000000000000416722e-01 7.999998726190437059e-01 9.000008631719875751e-01
1.094999999999999751e+00 2.000000000000964062e-01 7.999997776720396692e-01 9.000015065607746001e-01
1.104999999999999538e+00 2.000000000002229994e-01 7.999996145935944769e-01 9.000026116265764653e-01
1.115000000000000213e+00 2.000000000005153766e-01 7.999993362692413568e-01 9.000044976267301822e-01
1.125000000000000000e+00 2.000000000011891432e-01 7.999988641290352032e-01 9.000076969620820488e-01
1.134999999999999787e+00 2.000000000027399860e-01 7.999980678146207946e-01 9.000130929444969397e-01
1.144999999999999574e+00 2.000000000063055228e-01 7.999967320708986085e-01 9.000221441096981634e-01
1.155000000000000249e+00 2.000000000144964152e-01 7.999945030214888897e-01 9.000372481662087809e-01
1.165000000000000036e+00 2.000000000333020944e-01 7.999908012618036635e-01 9.000623306259157852e-01
1.174999999999999822e+00 2.000000000764633190e-01 7.999846816708022779e-01 9.001037940355123279e-01
1.184999999999999609e+00 2.000000001755053158e-01 7.999746078606931876e-01 9.001720444845997537e-01
1.195000000000000284e+00 2.000000004027662759e-01 7.999580901817006096e-01 9.002839397274031707e-01
1.205000000000000071e+00 2.000000009242540733e-01 7.999311061980789450e-01 9.004667037946334496e-01
1.214999999999999858e+00 2.000000021209437373e-01 7.998871755265384298e-01 9.007641648600475115e-01
1.224999999999999645e+00 2.000000048669331454e-01 7.998158881068928583e-01 9.012466503510483395e-01
1.235000000000000320e+00 2.000000111663061408e-01 7.997005745558346534e-01 9.020265838666193803e-01
1.245000000000000107e+00 2.000000256069951188e-01 7.995146461093519674e-01 9.032828373851163883e-01
1.254999999999999893e+00 2.000000586625995669e-01 7.992159134570906431e-01 9.052982019721090845e-01
1.264999999999999680e+00 2.000001341260419230e-01 7.987379449241988061e-01 9.085157300597944685e-01
1.275000000000000355e+00 2.000003056084939390e-01 7.979773737478302875e-01 9.136203579399425623e-01
1.285000000000000142e+00 2.000006923282224569e-01 7.967764030853315971e-01 9.216500032408868615e-01
1.294999999999999929e+00 2.000015539747954929e-01 7.949015314410591282e-01 9.341306981860831860e-01
1.304999999999999716e+00 2.000034386892453608e-01 7.920245017202321991e-01 9.532056089694694867e-01
1.315000000000000391e+00 2.000074511310780401e-01 7.877215959927119648e-01 9.816800137998132891e-01
1.325000000000000178e+00 2.000156774053809261e-01 7.815207819042693238e-01 1.022838081645918384e+00
1.334999999999999964e+00 2.000317325188186446e-01 7.730285830613504716e-01 1.079847957330853259e+00
1.344999999999999751e+00 2.000612557919460022e-01 7.621314238739220759e-01 1.154666704922891363e+00
1.355000000000000426e+00 2.001120815452234192e-01 7.491821123009605454e-01 1.246689992447989059e+00
1.365000000000000213e+00 2.001939511811647587e-01 7.350240695733110119e-01 1.351848373389329172e+00
1.375000000000000000e+00 2.003179833786498665e-01 7.207823466124733125e-01 1.462961515289540104e+00
1.384999999999999787e+00 2.004963100061546988e-01 7.075266202955533545e-01 1.571513905459773541e+00
1.394999999999999574e+00 2.007420905183859849e-01 6.960005717436343886e-01 1.670000716609030933e+00
1.405000000000000249e+00 2.010697994539650257e-01 6.865313058852179351e-01 1.753606432862683251e+00
1.415000000000000036e+00 2.014955624164385117e-01 6.790962110542303476e-01 1.820583644274798241e+00
1.424999999999999822e+00 2.020373929585789763e-01 6.734577309414437885e-01 1.871591064692666784e+00
1.434999999999999609e+00 2.027152939475548310e-01 6.692901741226159329e-01 1.908653190069383276e+00
1.445000000000000284e+00 2.035512453604114425e-01 6.662654022567611189e-01 1.934257922483125336e+00
1.455000000000000071e+00 2.045691107364900618e-01 6.640966979421699667e-01 1.950786236168713828e+00
1.464999999999999858e+00 2.057944853427497445e-01 6.625533453735267253e-01 1.960245780254910253e+00
1.474999999999999645e+00 2.072544982783357526e-01 6.614591217329776063e-01 1.964203778981429949e+00
1.485000000000000320e+00 2.089775736240938042e-01 6.606839870233623957e-01 1.963822556466431557e+00
1.495000000000000107e+00 2.109931520197118326e-01 6.601341985386277589e-01 1.959934151964395355e+00
1.504999999999999893e+00 2.133313722059269057e-01 6.597432607120389259e-01 1.953120194654639930e+00
1.514999999999999680e+00 2.160227109666840450e-01 6.594645311026097190e-01 1.943782395741997293e+00
1.525000000000000355e+00 2.190975790145671120e-01 6.592655394652783274e-01 1.932199294808718770e+00
1.535000000000000142e+00 2.225858695857418634e-01 6.591237760466002182e-01 1.918569565700438906e+00
1.544999999999999929e+00 2.265164560013783190e-01 6.590236307347104860e-01 1.903043856880086704e+00
1.554999999999999716e+00 2.309166344897853052e-01 6.589541852412382772e-01 1.885747409511957295e+00
1.565000000000000391e+00 2.358115094778384657e-01 6.589076111276611636e-01 1.866795410019437940e+00
1.575000000000000178e+00 2.412233206885255887e-01 6.588779783195694018e-01 1.846302591854384723e+00
1.584999999999999964e+00 2.471707150329549019e-01 6.588603206521523870e-01 1.824388166576468517e+00
1.594999999999999751e+00 2.536679717105027598e-01 6.588498337172756791e-01 1.801176785081298526e+00
1.605000000000000426e+00 2.607241962875005425e-01 6.588410955566529337e-01 1.776795902600432964e+00
1.615000000000000213e+00 2.683425088385281154e-01 6.588272029352706394e-01 1.751369622098816192e+00
1.625000000000000000e+00 2.765192623542490069e-01 6.587987050153206736e-01 1.725008789919171281e+00
1.634999999999999787e+00 2.852433401710676719e-01 6.587421913819153652e-01 1.697796785855718804e+00
1.644999999999999574e+00 2.944955945145457665e-01 6.586383507082251842e-01 1.669770064615462735e+00
1.655000000000000249e+00 3.042485014087311646e-01 6.584592571443402820e-01 1.640892059724270879e+00
1.665000000000000036e+00 3.144661188668500529e-01 6.581645606191837139e-01 1.611018582228465057e+00
1.674999999999999822e+00 3.251044437021765043e-01 6.576961525230932137e-01 1.579852439175790879e+00
1.684999999999999609e+00 3.361122651635413128e-01 6.569707520083082342e-01 1.546884924070249800e+00
1.695000000000000284e+00 3.474326076043763867e-01 6.558697247767226735e-01 1.511322670728001860e+00
1.705000000000000071e+00 3.590048341895381578e-01 6.542253479320713216e-01 1.472001269711567195e+00
1.714999999999999858e+00 3.707674392715764600e-01 6.518027723769591608e-01 1.427294144084417349e+00
1.724999999999999645e+00 3.826614679794440033e-01 6.482773261663533626e-01 1.375039928751031981e+00
1.735000000000000320e+00 3.946343229891368098e-01 6.432079835968929071e-01 1.312538561199668719e+00
1.745000000000000107e+00 4.066433508236253491e-01 6.360106113382689719e-01 1.236708578986402518e+00
1.754999999999999893e+00 4.186578229144341523e-01 6.259404296272544910e-01 1.144548803069187715e+00
1.764999999999999680e+00 4.306562712275487925e-01 6.121043583655177978e-01 1.034070384630613848e+00
1.775000000000000355e+00 4.426127278944094745e-01 5.935441038376275680e-01 9.057678339630930164e-01
1.785000000000000142e+00 4.544592540916471690e-01 5.694636846448754008e-01 7.643374150215861418e-01
1.794999999999999929e+00 4.660053991139893603e-01 5.397138057273613843e-01 6.196802667390183261e-01
1.804999999999999716e+00 4.768076392002790764e-01 5.056169708204133473e-01 4.856629750794615452e-01
1.815000000000000391e+00 4.860765348846481926e-01 4.708366365412647303e-01 3.757629883538392557e-01
1.825000000000000178e+00 4.929066751427585436e-01 4.409527198468569109e-01 2.973540789651970551e-01
1.834999999999999964e+00 4.969678863798074331e-01 4.203305196709188896e-01 2.489235333194473598e-01
1.844999999999999751e+00 4.988809181567928630e-01 4.089545246507502729e-01 2.227165782444533171e-01
1.855000000000000426e+00 4.996246831802111377e-01 4.036798497306803291e-01 2.099648527849393431e-01
1.865000000000000213e+00 4.998803980679640824e-01 4.014689274093322657e-01 2.042112993350834182e-01
1.875000000000000000e+00 4.999627882253731559e-01 4.005819141262200733e-01 2.017393062053516317e-01
1.884999999999999787e+00 4.999885423074387769e-01 4.002306572707416965e-01 2.007085804774910442e-01
1.894999999999999574e+00 4.999964875090003313e-01 4.000916597319437717e-01 2.002863728886502270e-01
1.905000000000000249e+00 4.999989251529782242e-01 4.000365086170535323e-01 2.001152046836638665e-01
1.915000000000000036e+00 4.999996713382063307e-01 4.000145649400196346e-01 2.000462223125378247e-01
1.924999999999999822e+00 4.999998995364797749e-01 4.000058162163031561e-01 2.000185164616296030e-01
1.934999999999999609e+00 4.999999692957517450e-01 4.000023237694155243e-01 2.000074106811445263e-01
1.945000000000000284e+00 4.999999906168475783e-01 4.000009286203939918e-01 2.000029641466359032e-01
1.955000000000000071e+00 4.999999971327175330e-01 4.000003711051888788e-01 2.000011851185886647e-01
1.964999999999999858e+00 4.999999991238719965e-01 4.000001482932201147e-01 2.000004736803427108e-01
1.974999999999999645e+00 4.999999997323045786e-01 4.000000592490481344e-01 2.000001892735609466e-01
1.985000000000000320e+00 4.999999999182117572e-01 4.000000236678230570e-01 2.000000756107337685e-01
1.995000000000000107e+00 4.999999999750130431e-01 4.000000094523353256e-01 2.000000301972389982e-01
2.004999999999999893e+00 4.999999999923668281e-01 4.000000037741053283e-01 2.000000120569941364e-01
2.014999999999999680e+00 4.999999999976681986e-01 4.000000015065199865e-01 2.000000048127639485e-01
2.025000000000000355e+00 4.999999999992876809e-01 4.000000006011935061e-01 2.000000019205612489e-01
2.035000000000000142e+00 4.999999999997824518e-01 4.000000002398418353e-01 2.000000007661845158e-01
2.044999999999999929e+00 4.999999999999336087e-01 4.000000000956533408e-01 2.000000003055645570e-01
2.054999999999999716e+00 4.999999999999796829e-01 4.000000000381357945e-01 2.000000001218230350e-01
2.065000000000000391e+00 4.999999999999938383e-01 4.000000000151988089e-01 2.000000000485517571e-01
2.075000000000000178e+00 4.999999999999981126e-01 4.000000000060550676e-01 2.000000000193428162e-01
2.084999999999999964e+00 4.999999999999993339e-01 4.000000000024113711e-01 2.000000000077030715e-01
2.094999999999999751e+00 4.999999999999997780e-01 4.000000000009599210e-01 2.000000000030663083e-01
2.105000000000000426e+00 4.999999999999999445e-01 4.000000000003820499e-01 2.000000000012200074e-01
2.115000000000000213e+00 5.000000000000000000e-01 4.000000000001517897e-01 2.000000000004852341e-01
2.125000000000000000e+00 5.000000000000000000e-01 4.000000000000602518e-01 2.000000000001928291e-01
2.134999999999999787e+00 5.000000000000000000e-01 4.000000000000238920e-01 2.000000000000764500e-01
2.144999999999999574e+00 5.000000000000000000e-01 4.000000000000095146e-01 2.000000000000301814e-01
2.155000000000000249e+00 5.000000000000000000e-01 4.000000000000037415e-01 2.000000000000118350e-01
2.165000000000000036e+00 5.000000000000000000e-01 4.000000000000016320e-01 2.000000000000045353e-01
2.174999999999999822e+00 5.000000000000000000e-01 4.000000000000006883e-01 2.000000000000017042e-01
2.184999999999999609e+00 5.000000000000000000e-01 4.000000000000001887e-01 2.000000000000005940e-01
2.195000000000000284e+00 5.000000000000000000e-01 4.000000000000000777e-01 2.000000000000001499e-01
2.205000000000000071e+00 5.000000000000000000e-01 4.000000000000000777e-01 2.000000000000000111e-01
2.214999999999999858e+00 5.000000000000000000e-01 4.000000000000000777e-01 2.000000000000000111e-01
2.224999999999999645e+00 5.000000000000000000e-01 4.000000000000000777e-01 2.000000000000000111e-01
2.235000000000000320e+00 5.000000000000000000e-01 4.000000000000000777e-01 2.000000000000000111e-01
2.245000000000000107e+00 5.000000000000000000e-01 4.000000000000000777e-01 2.000000000000000111e-01
2.254999999999999893e+00 5.000000000000000000e-01 4.000000000000000777e-01 2.000000000000000111e-01
2.264999999999999680e+00 5.000000000000000000e-01 4.000000000000000777e-01 2.000000000000000111e-01
2.275000000000000355e+00 5.000000000000000000e-01 4.000000000000000777e-01 2.000000000000000111e-01
2.285000000000000142e+00 5.000000000000000000e-01 4.000000000000000777e-01 2.000000000000000111e-01
2.294999999999999929e+00 5.000000000000000000e-01 4.000000000000000777e-01 2.000000000000000111e-01
2.304999999999999716e+00 5.000000000000000000e-01 4.000000000000000777e-01 2.000000000000000111e-01
2.315000000000000391e+00 5.000000000000000000e-01 4.000000000000000777e-01 2.000000000000000111e-01
2.325000000000000178e+00 5.000000000000000000e-01 4.000000000000000777e-01 2.000000000000000111e-01
2.334999999999999964e+00 5.000000000000000000e-01 4.000000000000000777e-01 2.000000000000000111e-01
2.344999999999999751e+00 5.000000000000000000e-01 4.000000000000000777e-01 2.000000000000000111e-01
2.355000000000000426e+00 5.000000000000000000e-01 4.000000000000000777e-01 2.000000000000000111e-01
2.365000000000000213e+00 5.000000000000000000e-01 4.000000000000000777e-01 2.000000000000000111e-01
2.375000000000000000e+00 5.000000000000000000e-01 4.000000000000000777e-01 2.000000000000000111e-01
2.384999999999999787e+00 5.000000000000000000e-01 4.000000000000000777e-01 2.000000000000000111e-01
2.394999999999999574e+00 5.000000000000000000e-01 4.000000000000000777e-01 2.000000000000000111e-01
2.405000000000000249e+00 5.000000000000000000e-01 4.000000000000000777e-01 2.000000000000000111e-01
2.415000000000000036e+00 5.000000000000000000e-01 4.000000000000000777e-01 2.000000000000000111e-01
2.424999999999999822e+00 5.000000000000000000e-01 4.000000000000000777e-01 2.000000000000000111e-01
2.434999999999999609e+00 5.000000000000000000e-01 4.000000000000000777e-01 2.000000000000000111e-01
2.445000000000000284e+00 5.000000000000000000e-01 4.000000000000000777e-01 2.000000000000000111e-01
2.455000000000000071e+00 5.000000000000000000e-01 4.000000000000000777e-01 2.000000000000000111e-01
2.464999999999999858e+00 5.000000000000000000e-01 4.000000000000000777e-01 2.000000000000000111e-01
2.474999999999999645e+00 5.000000000000000000e-01 4.000000000000000777e-01 2.000000000000000111e-01
2.485000000000000320e+00 5.000000000000000000e-01 4.000000000000000777e-01 2.000000000000000111e-01
2.495000000000000107e+00 5.000000000000000000e-01 4.000000000000000777e-01 2.000000000000000111e-01
2.504999999999999893e+00 5.000000000000000000e-01 4.000000000000000777e-01 2.000000000000000111e-01
2.514999999999999680e+00 5.000000000000000000e-01 4.000000000000000777e-01 2.000000000000000111e-01
2.525000000000000355e+00 5.000000000000000000e-01 4.000000000000000777e-01 2.000000000000000111e-01
2.535000000000000142e+00 5.000000000000000000e-01 4.000000000000000777e-01 2.000000000000000111e-01
2.544999999999999929e+00 5.000000000000000000e-01 4.000000000000000777e-01 2.000000000000000111e-01
2.554999999999999716e+00 5.000000000000000000e-01 4.000000000000000777e-01 2.000000000000000111e-01
2.565000000000000391e+00 5.000000000000000000e-01 4.000000000000000777e-01 2.000000000000000111e-01
2.575000000000000178e+00 5.000000000000000000e-01 4.000000000000000777e-01 2.000000000000000111e-01
2.584999999999999964e+00 5.000000000000000000e-01 4.000000000000000777e-01 2.000000000000000111e-01
2.594999999999999751e+00 5.000000000000000000e-01 4.000000000000000777e-01 2.000000000000000111e-01
2.605000000000000426e+00 5.000000000000000000e-01 4.000000000000000777e-01 2.000000000000000111e-01
2.615000000000000213e+00 5.000000000000000000e-01 4.000000000000000777e-01 2.000000000000000111e-01
2.625000000000000000e+00 5.000000000000000000e-01 4.000000000000000777e-01 2.000000000000000111e-01
2.634999999999999787e+00 5.000000000000000000e-01 4.000000000000000777e-01 2.000000000000000111e-01
2.644999999999999574e+00 5.000000000000000000e-01 4.000000000000000777e-01 2.000000000000000111e-01
2.655000000000000249e+00 5.000000000000000000e-01 4.000000000000000777e-01 2.000000000000000111e-01
2.665000000000000036e+00 5.000000000000000000e-01 4.000000000000000777e-01 2.000000000000000111e-01
2.674999999999999822e+00 5.000000000000000000e-01 4.000000000000000777e-01 2.000000000000000111e-01
2.684999999999999609e+00 5.000000000000000000e-01 4.000000000000000777e-01 2.000000000000000111e-01
2.695000000000000284e+00 5.000000000000000000e-01 4.000000000000000777e-01 2.000000000000000111e-01
2.705000000000000071e+00 5.000000000000000000e-01 4.000000000000000777e-01 2.000000000000000111e-01
2.714999999999999858e+00 5.000000000000000000e-01 4.000000000000000777e-01 2.000000000000000111e-01
2.724999999999999645e+00 5.000000000000000000e-01 4.000000000000000777e-01 2.000000000000000111e-01
2.735000000000000320e+00 5.000000000000000000e-01 4.000000000000000777e-01 2.000000000000000111e-01
2.745000000000000107e+00 5.000000000000000000e-01 4.000000000000000777e-01 2.000000000000000111e-01
2.754999999999999893e+00 5.000000000000000000e-01 4.000000000000000777e-01 2.000000000000000111e-01
2.764999999999999680e+00 5.000000000000000000e-01 4.000000000000000777e-01 2.000000000000000111e-01
2.775000000000000355e+00 5.000000000000000000e-01 4.000000000000000777e-01 2.000000000000000111e-01
2.785000000000000142e+00 5.000000000000000000e-01 4.000000000000000777e-01 2.000000000000000111e-01
2.794999999999999929e+00 5.000000000000000000e-01 4.000000000000000777e-01 2.000000000000000111e-01
2.804999999999999716e+00 5.000000000000000000e-01 4.000000000000000777e-01 2.000000000000000111e-01
2.815000000000000391e+00 5.000000000000000000e-01 4.000000000000000777e-01 2.000000000000000111e-01
2.825000000000000178e+00 5.000000000000000000e-01 4.000000000000000777e-01 2.000000000000000111e-01
2.834999999999999964e+00 5.000000000000000000e-01 4.000000000000000777e-01 2.000000000000000111e-01
2.844999999999999751e+00 5.000000000000000000e-01 4.000000000000000777e-01 2.000000000000000111e-01
2.855000000000000426e+00 5.000000000000000000e-01 4.000000000000000777e-01 2.000000000000000111e-01
2.865000000000000213e+00 5.000000000000000000e-01 4.000000000000000777e-01 2.000000000000000111e-01
2.875000000000000000e+00 5.000000000000000000e-01 4.000000000000000777e-01 2.000000000000000111e-01
2.884999999999999787e+00 5.000000000000000000e-01 4.000000000000000777e-01 2.000000000000000111e-01
2.894999999999999574e+00 5.000000000000000000e-01 4.000000000000000777e-01 2.000000000000000111e-01
2.905000000000000249e+00 5.000000000000000000e-01 4.000000000000000777e-01 2.000000000000000111e-01
2.915000000000000036e+00 5.000000000000000000e-01 4.000000000000000777e-01 2.000000000000000111e-01
2.924999999999999822e+00 5.000000000000000000e-01 4.000000000000000777e-01 2.000000000000000111e-01
2.934999999999999609e+00 5.000000000000000000e-01 4.000000000000000777e-01 2.000000000000000111e-01
2.945000000000000284e+00 5.000000000000000000e-01 4.000000000000000777e-01 2.000000000000000111e-01
2.955000000000000071e+00 5.000000000000000000e-01 4.000000000000000777e-01 2.000000000000000111e-01
2.964999999999999858e+00 5.000000000000000000e-01 4.000000000000000777e-01 2.000000000000000111e-01
2.974999999999999645e+00 5.000000000000000000e-01 4.000000000000000777e-01 2.000000000000000111e-01
2.985000000000000320e+00 5.000000000000000000e-01 4.000000000000000777e-01 2.000000000000000111e-01
2.995000000000000107e+00 5.000000000000000000e-01 4.000000000000000777e-01 2.000000000000000111e-01
