-2.995000000000000107e+00 2.000000000000000111e-01 8.000000000000000444e-01 9.000000000000000222e-01
-2.985000000000000320e+00 2.000000000000000111e-01 8.000000000000000444e-01 9.000000000000000222e-01
-2.975000000000000089e+00 2.000000000000000111e-01 8.000000000000000444e-01 9.000000000000000222e-01
-2.965000000000000302e+00 2.000000000000000111e-01 8.000000000000000444e-01 9.000000000000000222e-01
-2.955000000000000071e+00 2.000000000000000111e-01 8.000000000000000444e-01 9.000000000000000222e-01
-2.945000000000000284e+00 2.000000000000000111e-01 8.000000000000000444e-01 9.000000000000000222e-01
-2.935000000000000053e+00 2.000000000000000111e-01 8.000000000000000444e-01 9.000000000000000222e-01
-2.925000000000000266e+00 2.000000000000000111e-01 8.000000000000000444e-01 9.000000000000000222e-01
-2.915000000000000036e+00 2.000000000000000111e-01 8.000000000000000444e-01 9.000000000000000222e-01
-2.905000000000000249e+00 2.000000000000000111e-01 8.000000000000000444e-01 9.000000000000000222e-01
-2.895000000000000018e+00 2.000000000000000111e-01 8.000000000000000444e-01 9.000000000000000222e-01
-2.885000000000000231e+00 2.000000000000000111e-01 8.000000000000000444e-01 9.000000000000000222e-01
-2.875000000000000000e+00 2.000000000000000111e-01 8.000000000000000444e-01 9.000000000000000222e-01
-2.865000000000000213e+00 2.000000000000000111e-01 8.000000000000000444e-01 9.000000000000000222e-01
-2.854999999999999982e+00 2.000000000000000111e-01 8.000000000000000444e-01 9.000000000000000222e-01
-2.845000000000000195e+00 2.000000000000000111e-01 8.000000000000000444e-01 9.000000000000000222e-01
-2.834999999999999964e+00 2.000000000000000111e-01 8.000000000000000444e-01 9.000000000000000222e-01
-2.825000000000000178e+00 2.000000000000000111e-01 8.000000000000000444e-01 9.000000000000000222e-01
-2.814999999999999947e+00 2.000000000000000111e-01 8.000000000000000444e-01 9.000000000000000222e-01
-2.805000000000000160e+00 2.000000000000000111e-01 8.000000000000000444e-01 9.000000000000000222e-01
-2.794999999999999929e+00 2.000000000000000111e-01 8.000000000000000444e-01 9.000000000000000222e-01
-2.785000000000000142e+00 2.000000000000000111e-01 8.000000000000000444e-01 9.000000000000000222e-01
-2.774999999999999911e+00 2.000000000000000111e-01 8.000000000000000444e-01 9.000000000000000222e-01
-2.765000000000000124e+00 2.000000000000000111e-01 8.000000000000000444e-01 9.000000000000000222e-01
-2.754999999999999893e+00 2.000000000000000111e-01 8.000000000000000444e-01 9.000000000000000222e-01
-2.745000000000000107e+00 2.000000000000000111e-01 8.000000000000000444e-01 9.000000000000000222e-01
-2.735000000000000320e+00 2.000000000000000111e-01 8.000000000000000444e-01 9.000000000000000222e-01
-2.725000000000000089e+00 2.000000000000000111e-01 8.000000000000000444e-01 9.000000000000000222e-01
-2.714999999999999858e+00 2.000000000000000111e-01 8.000000000000000444e-01 9.000000000000000222e-01
-2.705000000000000071e+00 2.000000000000000111e-01 8.000000000000000444e-01 9.000000000000000222e-01
-2.695000000000000284e+00 2.000000000000000111e-01 8.000000000000000444e-01 9.000000000000000222e-01
-2.685000000000000053e+00 2.000000000000000111e-01 8.000000000000000444e-01 9.000000000000000222e-01
-2.675000000000000266e+00 2.000000000000000111e-01 8.000000000000000444e-01 9.000000000000000222e-01
-2.665000000000000036e+00 2.000000000000000111e-01 8.000000000000000444e-01 9.000000000000000222e-01
-2.655000000000000249e+00 2.000000000000000111e-01 8.000000000000000444e-01 9.000000000000000222e-01
-2.645000000000000018e+00 2.000000000000000111e-01 8.000000000000000444e-01 9.000000000000000222e-01
-2.635000000000000231e+00 2.000000000000000111e-01 8.000000000000000444e-01 9.000000000000000222e-01
-2.625000000000000000e+00 2.000000000000000111e-01 8.000000000000000444e-01 9.000000000000000222e-01
-2.615000000000000213e+00 2.000000000000000111e-01 8.000000000000000444e-01 9.000000000000000222e-01
-2.604999999999999982e+00 2.000000000000000111e-01 8.000000000000000444e-01 9.000000000000000222e-01
-2.595000000000000195e+00 2.000000000000000111e-01 8.000000000000000444e-01 9.000000000000000222e-01
-2.584999999999999964e+00 2.000000000000000111e-01 8.000000000000000444e-01 9.000000000000000222e-01
-2.575000000000000178e+00 2.000000000000000111e-01 8.000000000000000444e-01 9.000000000000000222e-01
-2.564999999999999947e+00 2.000000000000000111e-01 8.000000000000000444e-01 9.000000000000000222e-01
-2.555000000000000160e+00 2.000000000000000111e-01 8.000000000000000444e-01 9.000000000000000222e-01
-2.544999999999999929e+00 2.000000000000000111e-01 8.000000000000000444e-01 9.000000000000000222e-01
-2.535000000000000142e+00 2.000000000000000111e-01 8.000000000000000444e-01 9.000000000000000222e-01
-2.524999999999999911e+00 2.000000000000000111e-01 8.000000000000000444e-01 9.000000000000000222e-01
-2.515000000000000124e+00 2.000000000000000111e-01 8.000000000000000444e-01 9.000000000000000222e-01
-2.504999999999999893e+00 2.000000000000000111e-01 8.000000000000000444e-01 9.000000000000000222e-01
-2.495000000000000107e+00 2.000000000000000111e-01 8.000000000000000444e-01 9.000000000000000222e-01
-2.485000000000000320e+00 2.000000000000000111e-01 8.000000000000000444e-01 9.000000000000000222e-01
-2.475000000000000089e+00 2.000000000000000111e-01 8.000000000000000444e-01 9.000000000000000222e-01
-2.464999999999999858e+00 2.000000000000000111e-01 8.000000000000000444e-01 9.000000000000000222e-01
-2.455000000000000071e+00 2.000000000000000111e-01 8.000000000000000444e-01 9.000000000000000222e-01
-2.445000000000000284e+00 2.000000000000000111e-01 8.000000000000000444e-01 9.000000000000000222e-01
-2.435000000000000053e+00 2.000000000000000111e-01 8.000000000000000444e-01 9.000000000000000222e-01
-2.424999999999999822e+00 2.000000000000000111e-01 8.000000000000000444e-01 9.000000000000000222e-01
-2.415000000000000036e+00 2.000000000000000111e-01 8.000000000000000444e-01 9.000000000000000222e-01
-2.405000000000000249e+00 2.000000000000000111e-01 8.000000000000000444e-01 9.000000000000000222e-01
-2.395000000000000018e+00 2.000000000000000111e-01 8.000000000000000444e-01 9.000000000000000222e-01
-2.385000000000000231e+00 2.000000000000000111e-01 8.000000000000000444e-01 9.000000000000000222e-01
-2.375000000000000000e+00 2.000000000000000111e-01 8.000000000000000444e-01 9.000000000000000222e-01
-2.365000000000000213e+00 2.000000000000000111e-01 8.000000000000000444e-01 9.000000000000000222e-01
-2.354999999999999982e+00 2.000000000000000111e-01 8.000000000000000444e-01 9.000000000000000222e-01
-2.345000000000000195e+00 2.000000000000000111e-01 8.000000000000000444e-01 9.000000000000000222e-01
-2.334999999999999964e+00 2.000000000000000111e-01 8.000000000000000444e-01 9.000000000000000222e-01
-2.325000000000000178e+00 2.000000000000000111e-01 8.000000000000000444e-01 9.000000000000000222e-01
-2.314999999999999947e+00 2.000000000000000111e-01 8.000000000000000444e-01 9.000000000000000222e-01
-2.305000000000000160e+00 2.000000000000000111e-01 8.000000000000000444e-01 9.000000000000000222e-01
-2.294999999999999929e+00 2.000000000000000111e-01 8.000000000000000444e-01 9.000000000000000222e-01
-2.285000000000000142e+00 2.000000000000000111e-01 8.000000000000000444e-01 9.000000000000000222e-01
-2.275000000000000355e+00 2.000000000000000111e-01 8.000000000000000444e-01 9.000000000000000222e-01
-2.265000000000000124e+00 2.000000000000000111e-01 8.000000000000000444e-01 9.000000000000000222e-01
-2.254999999999999893e+00 2.000000000000000111e-01 8.000000000000000444e-01 9.000000000000000222e-01
-2.245000000000000107e+00 2.000000000000000111e-01 8.000000000000000444e-01 9.000000000000000222e-01
-2.235000000000000320e+00 2.000000000000000111e-01 8.000000000000000444e-01 9.000000000000000222e-01
-2.225000000000000089e+00 2.000000000000000111e-01 8.000000000000000444e-01 9.000000000000000222e-01
-2.214999999999999858e+00 2.000000000000000111e-01 8.000000000000000444e-01 9.000000000000000222e-01
-2.205000000000000071e+00 2.000000000000000111e-01 8.000000000000000444e-01 9.000000000000000222e-01
-2.195000000000000284e+00 2.000000000000000111e-01 8.000000000000000444e-01 9.000000000000000222e-01
-2.185000000000000053e+00 2.000000000000000111e-01 8.000000000000000444e-01 9.000000000000000222e-01
-2.174999999999999822e+00 2.000000000000000111e-01 8.000000000000000444e-01 9.000000000000000222e-01
-2.165000000000000036e+00 2.000000000000000111e-01 8.000000000000000444e-01 9.000000000000000222e-01
-2.155000000000000249e+00 2.000000000000000111e-01 8.000000000000000444e-01 9.000000000000000222e-01
-2.145000000000000018e+00 2.000000000000000111e-01 8.000000000000000444e-01 9.000000000000000222e-01
-2.135000000000000231e+00 2.000000000000000111e-01 8.000000000000000444e-01 9.000000000000000222e-01
-2.125000000000000000e+00 2.000000000000000111e-01 8.000000000000000444e-01 9.000000000000000222e-01
-2.115000000000000213e+00 2.000000000000000111e-01 8.000000000000000444e-01 9.000000000000000222e-01
-2.104999999999999982e+00 2.000000000000000111e-01 8.000000000000000444e-01 9.000000000000000222e-01
-2.095000000000000195e+00 2.000000000000000111e-01 8.000000000000000444e-01 9.000000000000000222e-01
-2.084999999999999964e+00 2.000000000000000111e-01 8.000000000000000444e-01 9.000000000000000222e-01
-2.075000000000000178e+00 2.000000000000000111e-01 8.000000000000000444e-01 9.000000000000000222e-01
-2.064999999999999947e+00 2.000000000000000111e-01 8.000000000000000444e-01 9.000000000000000222e-01
-2.055000000000000160e+00 2.000000000000000111e-01 8.000000000000000444e-01 9.000000000000000222e-01
-2.044999999999999929e+00 2.000000000000000111e-01 8.000000000000000444e-01 9.000000000000000222e-01
-2.035000000000000142e+00 2.000000000000000111e-01 8.000000000000000444e-01 9.000000000000000222e-01
-2.025000000000000355e+00 2.000000000000000111e-01 8.000000000000000444e-01 9.000000000000000222e-01
-2.015000000000000124e+00 2.000000000000000111e-01 8.000000000000000444e-01 9.000000000000000222e-01
-2.004999999999999893e+00 2.000000000000000111e-01 8.000000000000000444e-01 9.000000000000000222e-01
-1.995000000000000107e+00 2.000000000000000111e-01 8.000000000000000444e-01 9.000000000000000222e-01
-1.985000000000000098e+00 2.000000000000000111e-01 8.000000000000000444e-01 9.000000000000000222e-01
-1.975000000000000089e+00 2.000000000000000111e-01 8.000000000000000444e-01 9.000000000000000222e-01
-1.965000000000000080e+00 2.000000000000000111e-01 8.000000000000000444e-01 9.000000000000000222e-01
-1.955000000000000071e+00 2.000000000000000111e-01 8.000000000000000444e-01 9.000000000000000222e-01
-1.945000000000000062e+00 2.000000000000000111e-01 8.000000000000000444e-01 9.000000000000000222e-01
-1.935000000000000053e+00 2.000000000000000111e-01 8.000000000000000444e-01 9.000000000000000222e-01
-1.925000000000000044e+00 2.000000000000000111e-01 8.000000000000000444e-01 9.000000000000000222e-01
-1.915000000000000036e+00 2.000000000000000111e-01 8.000000000000000444e-01 9.000000000000000222e-01
-1.905000000000000027e+00 2.000000000000000111e-01 8.000000000000000444e-01 9.000000000000000222e-01
-1.895000000000000018e+00 2.000000000000000111e-01 8.000000000000000444e-01 9.000000000000000222e-01
-1.885000000000000009e+00 2.000000000000000111e-01 8.000000000000000444e-01 9.000000000000000222e-01
-1.875000000000000000e+00 2.000000000000000111e-01 8.000000000000000444e-01 9.000000000000000222e-01
-1.864999999999999991e+00 2.000000000000000111e-01 8.000000000000000444e-01 9.000000000000000222e-01
-1.854999999999999982e+00 2.000000000000000111e-01 8.000000000000000444e-01 9.000000000000000222e-01
-1.844999999999999973e+00 2.000000000000000111e-01 8.000000000000000444e-01 9.000000000000000222e-01
-1.835000000000000187e+00 2.000000000000000111e-01 8.000000000000000444e-01 9.000000000000000222e-01
-1.825000000000000178e+00 2.000000000000000111e-01 8.000000000000000444e-01 9.000000000000000222e-01
-1.815000000000000169e+00 2.000000000000000111e-01 8.000000000000000444e-01 9.000000000000000222e-01
-1.805000000000000160e+00 2.000000000000000111e-01 8.000000000000000444e-01 9.000000000000000222e-01
-1.795000000000000151e+00 2.000000000000000111e-01 8.000000000000000444e-01 9.000000000000000222e-01
-1.785000000000000142e+00 2.000000000000000111e-01 8.000000000000000444e-01 9.000000000000000222e-01
-1.775000000000000133e+00 2.000000000000000111e-01 8.000000000000000444e-01 9.000000000000000222e-01
-1.765000000000000124e+00 2.000000000000000111e-01 8.000000000000000444e-01 9.000000000000000222e-01
-1.755000000000000115e+00 2.000000000000000111e-01 8.000000000000000444e-01 9.000000000000000222e-01
-1.745000000000000107e+00 2.000000000000000111e-01 8.000000000000000444e-01 9.000000000000000222e-01
-1.735000000000000098e+00 2.000000000000000111e-01 8.000000000000000444e-01 9.000000000000000222e-01
-1.725000000000000089e+00 2.000000000000000111e-01 8.000000000000000444e-01 9.000000000000000222e-01
-1.715000000000000080e+00 2.000000000000000111e-01 8.000000000000000444e-01 9.000000000000000222e-01
-1.705000000000000071e+00 2.000000000000000111e-01 8.000000000000000444e-01 9.000000000000000222e-01
-1.695000000000000062e+00 2.000000000000000111e-01 8.000000000000000444e-01 9.000000000000000222e-01
-1.685000000000000053e+00 2.000000000000000111e-01 8.000000000000000444e-01 9.000000000000000222e-01
-1.675000000000000044e+00 2.000000000000000111e-01 8.000000000000000444e-01 9.000000000000000222e-01
-1.665000000000000036e+00 2.000000000000000111e-01 8.000000000000000444e-01 9.000000000000000222e-01
-1.655000000000000027e+00 2.000000000000000111e-01 8.000000000000000444e-01 9.000000000000000222e-01
-1.645000000000000018e+00 2.000000000000000111e-01 8.000000000000000444e-01 9.000000000000000222e-01
-1.635000000000000009e+00 2.000000000000000111e-01 8.000000000000000444e-01 9.000000000000000222e-01
-1.625000000000000000e+00 2.000000000000000111e-01 8.000000000000000444e-01 9.000000000000000222e-01
-1.614999999999999991e+00 2.000000000000000111e-01 8.000000000000000444e-01 9.000000000000000222e-01
-1.604999999999999982e+00 2.000000000000000111e-01 8.000000000000000444e-01 9.000000000000000222e-01
-1.594999999999999973e+00 2.000000000000000111e-01 8.000000000000000444e-01 9.000000000000000222e-01
-1.585000000000000187e+00 2.000000000000000111e-01 8.000000000000000444e-01 9.000000000000000222e-01
-1.575000000000000178e+00 2.000000000000000111e-01 8.000000000000000444e-01 9.000000000000000222e-01
-1.565000000000000169e+00 2.000000000000000111e-01 8.000000000000000444e-01 9.000000000000000222e-01
-1.555000000000000160e+00 2.000000000000000111e-01 8.000000000000000444e-01 9.000000000000000222e-01
-1.545000000000000151e+00 2.000000000000000111e-01 8.000000000000000444e-01 9.000000000000000222e-01
-1.535000000000000142e+00 2.000000000000000111e-01 8.000000000000000444e-01 9.000000000000000222e-01
-1.525000000000000133e+00 2.000000000000000111e-01 8.000000000000000444e-01 9.000000000000000222e-01
-1.515000000000000124e+00 2.000000000000000111e-01 8.000000000000000444e-01 9.000000000000000222e-01
-1.505000000000000115e+00 2.000000000000000111e-01 8.000000000000000444e-01 9.000000000000000222e-01
-1.495000000000000107e+00 2.000000000000000111e-01 8.000000000000000444e-01 9.000000000000000222e-01
-1.485000000000000098e+00 2.000000000000000111e-01 8.000000000000000444e-01 9.000000000000000222e-01
-1.475000000000000089e+00 2.000000000000000111e-01 8.000000000000000444e-01 9.000000000000000222e-01
-1.465000000000000080e+00 2.000000000000000111e-01 8.000000000000000444e-01 9.000000000000000222e-01
-1.455000000000000071e+00 2.000000000000000111e-01 8.000000000000000444e-01 9.000000000000000222e-01
-1.445000000000000062e+00 2.000000000000000111e-01 8.000000000000000444e-01 9.000000000000000222e-01
-1.435000000000000053e+00 2.000000000000000111e-01 8.000000000000000444e-01 9.000000000000000222e-01
-1.425000000000000044e+00 2.000000000000000111e-01 8.000000000000000444e-01 9.000000000000000222e-01
-1.415000000000000036e+00 2.000000000000000111e-01 8.000000000000000444e-01 9.000000000000000222e-01
-1.405000000000000027e+00 2.000000000000000111e-01 8.000000000000000444e-01 9.000000000000000222e-01
-1.395000000000000018e+00 2.000000000000000111e-01 8.000000000000000444e-01 9.000000000000000222e-01
-1.385000000000000009e+00 2.000000000000000111e-01 8.000000000000000444e-01 9.000000000000000222e-01
-1.375000000000000000e+00 2.000000000000000111e-01 8.000000000000000444e-01 9.000000000000000222e-01
-1.364999999999999991e+00 2.000000000000000111e-01 8.000000000000000444e-01 9.000000000000000222e-01
-1.354999999999999982e+00 2.000000000000000111e-01 8.000000000000000444e-01 9.000000000000000222e-01
-1.344999999999999973e+00 2.000000000000000111e-01 8.000000000000000444e-01 9.000000000000000222e-01
-1.334999999999999964e+00 2.000000000000000111e-01 8.000000000000000444e-01 9.000000000000000222e-01
-1.325000000000000178e+00 2.000000000000000111e-01 8.000000000000000444e-01 9.000000000000000222e-01
-1.315000000000000169e+00 2.000000000000000111e-01 8.000000000000000444e-01 9.000000000000000222e-01
-1.305000000000000160e+00 2.000000000000000111e-01 8.000000000000000444e-01 9.000000000000000222e-01
-1.295000000000000151e+00 2.000000000000000111e-01 8.000000000000000444e-01 9.000000000000000222e-01
-1.285000000000000142e+00 2.000000000000000111e-01 8.000000000000000444e-01 9.000000000000000222e-01
-1.275000000000000133e+00 2.000000000000000111e-01 8.000000000000000444e-01 9.000000000000000222e-01
-1.265000000000000124e+00 2.000000000000000111e-01 8.000000000000000444e-01 9.000000000000000222e-01
-1.255000000000000115e+00 2.000000000000000111e-01 8.000000000000000444e-01 9.000000000000000222e-01
-1.245000000000000107e+00 2.000000000000000111e-01 8.000000000000000444e-01 9.000000000000000222e-01
-1.235000000000000098e+00 2.000000000000000111e-01 8.000000000000000444e-01 9.000000000000000222e-01
-1.225000000000000089e+00 2.000000000000000111e-01 8.000000000000000444e-01 9.000000000000000222e-01
-1.215000000000000080e+00 2.000000000000000111e-01 8.000000000000000444e-01 9.000000000000000222e-01
-1.205000000000000071e+00 2.000000000000000111e-01 8.000000000000000444e-01 9.000000000000000222e-01
-1.195000000000000062e+00 2.000000000000000111e-01 8.000000000000000444e-01 9.000000000000000222e-01
-1.185000000000000053e+00 2.000000000000000111e-01 8.000000000000000444e-01 9.000000000000000222e-01
-1.175000000000000044e+00 2.000000000000000111e-01 8.000000000000000444e-01 9.000000000000000222e-01
-1.165000000000000036e+00 2.000000000000000111e-01 8.000000000000000444e-01 9.000000000000000222e-01
-1.155000000000000027e+00 2.000000000000000111e-01 8.000000000000000444e-01 9.000000000000000222e-01
-1.145000000000000018e+00 2.000000000000000111e-01 8.000000000000000444e-01 9.000000000000000222e-01
-1.135000000000000009e+00 2.000000000000000111e-01 8.000000000000000444e-01 9.000000000000000222e-01
-1.125000000000000000e+00 2.000000000000000111e-01 8.000000000000000444e-01 9.000000000000000222e-01
-1.114999999999999991e+00 2.000000000000000111e-01 8.000000000000000444e-01 9.000000000000000222e-01
-1.104999999999999982e+00 2.000000000000000111e-01 8.000000000000000444e-01 9.000000000000000222e-01
-1.094999999999999973e+00 2.000000000000000111e-01 8.000000000000000444e-01 9.000000000000000222e-01
-1.084999999999999964e+00 2.000000000000000111e-01 8.000000000000000444e-01 9.000000000000000222e-01
-1.075000000000000178e+00 2.000000000000000111e-01 8.000000000000000444e-01 9.000000000000000222e-01
-1.065000000000000169e+00 2.000000000000000111e-01 8.000000000000000444e-01 9.000000000000000222e-01
-1.055000000000000160e+00 2.000000000000000111e-01 8.000000000000000444e-01 9.000000000000000222e-01
-1.045000000000000151e+00 2.000000000000000111e-01 8.000000000000000444e-01 9.000000000000000222e-01
-1.035000000000000142e+00 2.000000000000000111e-01 8.000000000000000444e-01 9.000000000000000222e-01
-1.025000000000000133e+00 2.000000000000000111e-01 8.000000000000000444e-01 9.000000000000000222e-01
-1.015000000000000124e+00 2.000000000000000111e-01 8.000000000000000444e-01 9.000000000000000222e-01
-1.005000000000000115e+00 2.000000000000000111e-01 8.000000000000000444e-01 9.000000000000000222e-01
-9.949999999999999956e-01 2.000000000000000111e-01 8.000000000000000444e-01 9.000000000000000222e-01
-9.849999999999997646e-01 2.000000000000000111e-01 8.000000000000000444e-01 9.000000000000000222e-01
-9.749999999999999778e-01 2.000000000000000111e-01 8.000000000000000444e-01 9.000000000000000222e-01
-9.649999999999997469e-01 2.000000000000000111e-01 8.000000000000000444e-01 9.000000000000000222e-01
-9.549999999999999600e-01 2.000000000000000111e-01 8.000000000000000444e-01 9.000000000000000222e-01
-9.450000000000001732e-01 2.000000000000000111e-01 8.000000000000000444e-01 9.000000000000000222e-01
-9.349999999999999423e-01 2.000000000000000111e-01 8.000000000000000444e-01 9.000000000000000222e-01
-9.250000000000001554e-01 2.000000000000000111e-01 8.000000000000000444e-01 9.000000000000000222e-01
-9.149999999999999245e-01 2.000000000000000111e-01 8.000000000000000444e-01 9.000000000000000222e-01
-9.050000000000001377e-01 2.000000000000000111e-01 8.000000000000000444e-01 9.000000000000000222e-01
-8.949999999999999067e-01 2.000000000000000111e-01 8.000000000000000444e-01 9.000000000000000222e-01
-8.850000000000001199e-01 2.000000000000000111e-01 8.000000000000000444e-01 9.000000000000000222e-01
-8.749999999999998890e-01 2.000000000000000111e-01 8.000000000000000444e-01 9.000000000000000222e-01
-8.650000000000001021e-01 2.000000000000000111e-01 8.000000000000000444e-01 9.000000000000000222e-01
-8.549999999999998712e-01 2.000000000000000111e-01 8.000000000000000444e-01 9.000000000000000222e-01
-8.450000000000000844e-01 2.000000000000000111e-01 8.000000000000000444e-01 9.000000000000000222e-01
-8.349999999999998535e-01 2.000000000000000111e-01 8.000000000000000444e-01 9.000000000000000222e-01
-8.250000000000000666e-01 2.000000000000000111e-01 8.000000000000000444e-01 9.000000000000000222e-01
-8.149999999999998357e-01 2.000000000000000111e-01 8.000000000000000444e-01 9.000000000000000222e-01
-8.050000000000000488e-01 2.000000000000000111e-01 8.000000000000000444e-01 9.000000000000000222e-01
-7.949999999999998179e-01 2.000000000000000111e-01 8.000000000000000444e-01 9.000000000000000222e-01
-7.850000000000000311e-01 2.000000000000000111e-01 8.000000000000000444e-01 9.000000000000000222e-01
-7.749999999999998002e-01 2.000000000000000111e-01 8.000000000000000444e-01 9.000000000000000222e-01
-7.650000000000000133e-01 2.000000000000000111e-01 8.000000000000000444e-01 9.000000000000000222e-01
-7.549999999999997824e-01 2.000000000000000111e-01 8.000000000000000444e-01 9.000000000000000222e-01
-7.449999999999999956e-01 2.000000000000000111e-01 8.000000000000000444e-01 9.000000000000000222e-01
-7.349999999999997646e-01 2.000000000000000111e-01 8.000000000000000444e-01 9.000000000000000222e-01
-7.249999999999999778e-01 2.000000000000000111e-01 8.000000000000000444e-01 9.000000000000000222e-01
-7.149999999999997469e-01 2.000000000000000111e-01 8.000000000000000444e-01 9.000000000000000222e-01
-7.049999999999999600e-01 2.000000000000000111e-01 8.000000000000000444e-01 9.000000000000000222e-01
-6.949999999999997291e-01 2.000000000000000111e-01 8.000000000000000444e-01 9.000000000000000222e-01
-6.849999999999999423e-01 2.000000000000000111e-01 8.000000000000000444e-01 9.000000000000000222e-01
-6.750000000000001554e-01 2.000000000000000111e-01 8.000000000000000444e-01 9.000000000000000222e-01
-6.649999999999999245e-01 2.000000000000000111e-01 8.000000000000000444e-01 9.000000000000000222e-01
-6.550000000000001377e-01 2.000000000000000111e-01 8.000000000000000444e-01 9.000000000000000222e-01
-6.449999999999999067e-01 2.000000000000000111e-01 8.000000000000000444e-01 9.000000000000000222e-01
-6.350000000000001199e-01 2.000000000000000111e-01 8.000000000000000444e-01 9.000000000000000222e-01
-6.249999999999998890e-01 2.000000000000000111e-01 8.000000000000000444e-01 9.000000000000000222e-01
-6.150000000000001021e-01 2.000000000000000111e-01 8.000000000000000444e-01 9.000000000000000222e-01
-6.049999999999998712e-01 2.000000000000000111e-01 8.000000000000000444e-01 9.000000000000000222e-01
-5.950000000000000844e-01 2.000000000000000111e-01 8.000000000000000444e-01 9.000000000000000222e-01
-5.849999999999998535e-01 2.000000000000000111e-01 8.000000000000000444e-01 9.000000000000000222e-01
-5.750000000000000666e-01 2.000000000000000111e-01 8.000000000000000444e-01 9.000000000000000222e-01
-5.649999999999998357e-01 2.000000000000000111e-01 8.000000000000000444e-01 9.000000000000000222e-01
-5.550000000000000488e-01 2.000000000000000111e-01 8.000000000000000444e-01 9.000000000000000222e-01
-5.449999999999998179e-01 2.000000000000000111e-01 8.000000000000000444e-01 9.000000000000000222e-01
-5.350000000000000311e-01 2.000000000000000111e-01 8.000000000000000444e-01 9.000000000000000222e-01
-5.249999999999998002e-01 2.000000000000000111e-01 8.000000000000000444e-01 9.000000000000000222e-01
-5.150000000000000133e-01 2.000000000000000111e-01 8.000000000000000444e-01 9.000000000000000222e-01
-5.049999999999997824e-01 2.000000000000000111e-01 8.000000000000000444e-01 9.000000000000000222e-01
-4.949999999999999956e-01 2.000000000000000111e-01 8.000000000000000444e-01 9.000000000000000222e-01
-4.849999999999997646e-01 2.000000000000000111e-01 8.000000000000000444e-01 9.000000000000000222e-01
-4.749999999999999778e-01 2.000000000000000111e-01 8.000000000000000444e-01 9.000000000000000222e-01
-4.649999999999997469e-01 2.000000000000000111e-01 8.000000000000000444e-01 9.000000000000000222e-01
-4.549999999999999600e-01 2.000000000000000111e-01 8.000000000000000444e-01 9.000000000000000222e-01
-4.449999999999997291e-01 2.000000000000000111e-01 8.000000000000000444e-01 9.000000000000000222e-01
-4.349999999999999423e-01 2.000000000000000111e-01 8.000000000000000444e-01 9.000000000000000222e-01
-4.250000000000001554e-01 2.000000000000000111e-01 8.000000000000000444e-01 9.000000000000000222e-01
-4.149999999999999245e-01 2.000000000000000111e-01 8.000000000000000444e-01 9.000000000000000222e-01
-4.050000000000001377e-01 2.000000000000000111e-01 8.000000000000000444e-01 9.000000000000000222e-01
-3.949999999999999067e-01 2.000000000000000111e-01 8.000000000000000444e-01 9.000000000000000222e-01
-3.850000000000001199e-01 2.000000000000000111e-01 8.000000000000000444e-01 9.000000000000000222e-01
-3.749999999999998890e-01 2.000000000000000111e-01 8.000000000000000444e-01 9.000000000000000222e-01
-3.650000000000001021e-01 2.000000000000000111e-01 8.000000000000000444e-01 9.000000000000000222e-01
-3.549999999999998712e-01 2.000000000000000111e-01 8.000000000000000444e-01 9.000000000000000222e-01
-3.450000000000000844e-01 2.000000000000000111e-01 8.000000000000000444e-01 9.000000000000000222e-01
-3.349999999999998535e-01 2.000000000000000111e-01 8.000000000000000444e-01 9.000000000000000222e-01
-3.250000000000000666e-01 2.000000000000000111e-01 8.000000000000000444e-01 9.000000000000000222e-01
-3.149999999999998357e-01 2.000000000000000111e-01 8.000000000000000444e-01 9.000000000000000222e-01
-3.050000000000000488e-01 2.000000000000000111e-01 8.000000000000000444e-01 9.000000000000000222e-01
-2.949999999999998179e-01 2.000000000000000111e-01 8.000000000000000444e-01 9.000000000000000222e-01
-2.850000000000000311e-01 2.000000000000000111e-01 8.000000000000000444e-01 9.000000000000000222e-01
-2.749999999999998002e-01 2.000000000000000111e-01 8.000000000000000444e-01 9.000000000000000222e-01
-2.650000000000000133e-01 2.000000000000000111e-01 8.000000000000000444e-01 9.000000000000000222e-01
-2.549999999999997824e-01 2.000000000000000111e-01 8.000000000000000444e-01 9.000000000000000222e-01
-2.449999999999999956e-01 2.000000000000000111e-01 8.000000000000000444e-01 9.000000000000000222e-01
-2.349999999999997646e-01 2.000000000000000111e-01 8.000000000000000444e-01 9.000000000000000222e-01
-2.249999999999999778e-01 2.000000000000000111e-01 8.000000000000000444e-01 9.000000000000000222e-01
-2.149999999999997469e-01 2.000000000000000111e-01 8.000000000000000444e-01 9.000000000000000222e-01
-2.049999999999999600e-01 2.000000000000000111e-01 8.000000000000000444e-01 9.000000000000000222e-01
-1.949999999999997291e-01 2.000000000000000111e-01 8.000000000000000444e-01 9.000000000000000222e-01
-1.849999999999999423e-01 2.000000000000000111e-01 8.000000000000000444e-01 9.000000000000000222e-01
-1.750000000000001554e-01 2.000000000000000111e-01 8.000000000000000444e-01 9.000000000000000222e-01
-1.649999999999999245e-01 2.000000000000000111e-01 8.000000000000000444e-01 9.000000000000000222e-01
-1.550000000000001377e-01 2.000000000000000111e-01 8.000000000000000444e-01 9.000000000000000222e-01
-1.449999999999999067e-01 2.000000000000000111e-01 8.000000000000000444e-01 9.000000000000000222e-01
-1.350000000000001199e-01 2.000000000000000111e-01 8.000000000000000444e-01 9.000000000000000222e-01
-1.249999999999998890e-01 2.000000000000000111e-01 8.000000000000000444e-01 9.000000000000000222e-01
-1.150000000000001021e-01 2.000000000000000111e-01 8.000000000000000444e-01 9.000000000000000222e-01
-1.049999999999998712e-01 2.000000000000000111e-01 8.000000000000000444e-01 9.000000000000000222e-01
-9.500000000000008438e-02 2.000000000000000111e-01 8.000000000000000444e-01 9.000000000000000222e-01
-8.499999999999985345e-02 2.000000000000000111e-01 8.000000000000000444e-01 9.000000000000000222e-01
-7.500000000000006661e-02 2.000000000000000111e-01 8.000000000000000444e-01 9.000000000000000222e-01
-6.499999999999983569e-02 2.000000000000000111e-01 8.000000000000000444e-01 9.000000000000000222e-01
-5.500000000000005579e-02 2.000000000000000111e-01 8.000000000000000444e-01 9.000000000000000222e-01
-4.499999999999982486e-02 2.000000000000000111e-01 8.000000000000000444e-01 9.000000000000000222e-01
-3.500000000000003803e-02 2.000000000000000111e-01 8.000000000000000444e-01 9.000000000000000222e-01
-2.499999999999980363e-02 2.000000000000000111e-01 8.000000000000000444e-01 9.000000000000000222e-01
-1.500000000000001679e-02 2.000000000000000111e-01 8.000000000000000444e-01 9.000000000000000222e-01
-4.999999999999786733e-03 2.000000000000000111e-01 8.000000000000000444e-01 9.000000000000000222e-01
5.000000000000000104e-03 2.000000000000000389e-01 7.999999999999998224e-01 9.000000000000004663e-01
1.500000000000023190e-02 2.000000000000000666e-01 7.999999999999998224e-01 9.000000000000006883e-01
2.500000000000001874e-02 2.000000000000000666e-01 7.999999999999999334e-01 9.000000000000009104e-01
3.500000000000024619e-02 2.000000000000000944e-01 7.999999999999998224e-01 9.000000000000012434e-01
4.500000000000003303e-02 2.000000000000000944e-01 7.999999999999998224e-01 9.000000000000015765e-01
5.500000000000026396e-02 2.000000000000000666e-01 7.999999999999999334e-01 9.000000000000016875e-01
6.500000000000005773e-02 2.000000000000000666e-01 8.000000000000002665e-01 9.000000000000015765e-01
7.500000000000028866e-02 2.000000000000000666e-01 8.000000000000001554e-01 9.000000000000020206e-01
8.500000000000007550e-02 2.000000000000000666e-01 8.000000000000002665e-01 9.000000000000021316e-01
9.499999999999986233e-02 2.000000000000000666e-01 8.000000000000002665e-01 9.000000000000024647e-01
1.050000000000000933e-01 2.000000000000000944e-01 8.000000000000003775e-01 9.000000000000025757e-01
1.149999999999998801e-01 2.000000000000000666e-01 8.000000000000002665e-01 9.000000000000030198e-01
1.250000000000001110e-01 2.000000000000000666e-01 8.000000000000001554e-01 9.000000000000034639e-01
1.349999999999998979e-01 2.000000000000000666e-01 8.000000000000004885e-01 9.000000000000033529e-01
1.450000000000001288e-01 2.000000000000000666e-01 8.000000000000005995e-01 9.000000000000034639e-01
1.549999999999999156e-01 2.000000000000000666e-01 8.000000000000005995e-01 9.000000000000037970e-01
1.650000000000001465e-01 2.000000000000000944e-01 8.000000000000005995e-01 9.000000000000040190e-01
1.749999999999999334e-01 2.000000000000000944e-01 8.000000000000005995e-01 9.000000000000042411e-01
1.850000000000001643e-01 2.000000000000000944e-01 8.000000000000005995e-01 9.000000000000045741e-01
1.949999999999999512e-01 2.000000000000000944e-01 8.000000000000005995e-01 9.000000000000049072e-01
2.050000000000001821e-01 2.000000000000001221e-01 8.000000000000005995e-01 9.000000000000051292e-01
2.149999999999999689e-01 2.000000000000001499e-01 8.000000000000007105e-01 9.000000000000052403e-01
2.250000000000001998e-01 2.000000000000001499e-01 8.000000000000005995e-01 9.000000000000056843e-01
2.349999999999999867e-01 2.000000000000001221e-01 8.000000000000005995e-01 9.000000000000059064e-01
2.450000000000002176e-01 2.000000000000001221e-01 8.000000000000008216e-01 9.000000000000060174e-01
2.550000000000000044e-01 2.000000000000001221e-01 8.000000000000008216e-01 9.000000000000062395e-01
2.650000000000002354e-01 2.000000000000001221e-01 8.000000000000009326e-01 9.000000000000064615e-01
2.750000000000000222e-01 2.000000000000001499e-01 8.000000000000008216e-01 9.000000000000067946e-01
2.850000000000002531e-01 2.000000000000001776e-01 8.000000000000008216e-01 9.000000000000071276e-01
2.950000000000000400e-01 2.000000000000001776e-01 8.000000000000007105e-01 9.000000000000074607e-01
3.050000000000002709e-01 2.000000000000002054e-01 8.000000000000007105e-01 9.000000000000077938e-01
3.150000000000000577e-01 2.000000000000002054e-01 8.000000000000007105e-01 9.000000000000080158e-01
3.250000000000002887e-01 2.000000000000002331e-01 8.000000000000007105e-01 9.000000000000083489e-01
3.350000000000000755e-01 2.000000000000002331e-01 8.000000000000004885e-01 9.000000000000089040e-01
3.449999999999998623e-01 2.000000000000002331e-01 8.000000000000005995e-01 9.000000000000087930e-01
3.550000000000000933e-01 2.000000000000002331e-01 8.000000000000008216e-01 9.000000000000087930e-01
3.649999999999998801e-01 2.000000000000002609e-01 8.000000000000004885e-01 9.000000000000094591e-01
3.750000000000001110e-01 2.000000000000002887e-01 8.000000000000007105e-01 9.000000000000094591e-01
3.849999999999998979e-01 2.000000000000003164e-01 8.000000000000007105e-01 9.000000000000096811e-01
3.950000000000001288e-01 2.000000000000003164e-01 8.000000000000007105e-01 9.000000000000100142e-01
4.049999999999999156e-01 2.000000000000003442e-01 8.000000000000007105e-01 9.000000000000102363e-01
4.150000000000001465e-01 2.000000000000003442e-01 8.000000000000008216e-01 9.000000000000104583e-01
4.249999999999999334e-01 2.000000000000003719e-01 8.000000000000007105e-01 9.000000000000107914e-01
4.350000000000001643e-01 2.000000000000003719e-01 8.000000000000008216e-01 9.000000000000110134e-01
4.449999999999999512e-01 2.000000000000003997e-01 8.000000000000008216e-01 9.000000000000112355e-01
4.550000000000001821e-01 2.000000000000003997e-01 8.000000000000009326e-01 9.000000000000114575e-01
4.649999999999999689e-01 2.000000000000004274e-01 8.000000000000008216e-01 9.000000000000117906e-01
4.750000000000001998e-01 2.000000000000004552e-01 8.000000000000008216e-01 9.000000000000121236e-01
4.849999999999999867e-01 2.000000000000004552e-01 8.000000000000008216e-01 9.000000000000123457e-01
4.950000000000002176e-01 2.000000000000004552e-01 8.000000000000010436e-01 9.000000000000124567e-01
5.050000000000000044e-01 2.000000000000004829e-01 8.000000000000009326e-01 9.000000000000127898e-01
5.150000000000002354e-01 2.000000000000004829e-01 8.000000000000010436e-01 9.000000000000130118e-01
5.250000000000000222e-01 2.000000000000004829e-01 8.000000000000012657e-01 9.000000000000127898e-01
5.350000000000002531e-01 2.000000000000004829e-01 8.000000000000013767e-01 9.000000000000130118e-01
5.450000000000000400e-01 2.000000000000004829e-01 8.000000000000012657e-01 9.000000000000134559e-01
5.550000000000002709e-01 2.000000000000005107e-01 8.000000000000014877e-01 9.000000000000134559e-01
5.650000000000000577e-01 2.000000000000005385e-01 8.000000000000014877e-01 9.000000000000136779e-01
5.750000000000002887e-01 2.000000000000005385e-01 8.000000000000014877e-01 9.000000000000140110e-01
5.850000000000000755e-01 2.000000000000005662e-01 8.000000000000013767e-01 9.000000000000143441e-01
5.949999999999998623e-01 2.000000000000005940e-01 8.000000000000013767e-01 9.000000000000146771e-01
6.050000000000000933e-01 2.000000000000005662e-01 8.000000000000012657e-01 9.000000000000151212e-01
6.149999999999998801e-01 2.000000000000005662e-01 8.000000000000015987e-01 9.000000000000150102e-01
6.250000000000001110e-01 2.000000000000005940e-01 8.000000000000015987e-01 9.000000000000152323e-01
6.349999999999998979e-01 2.000000000000005662e-01 8.000000000000014877e-01 9.000000000000155653e-01
6.450000000000001288e-01 2.000000000000005940e-01 8.000000000000017097e-01 9.000000000000155653e-01
6.549999999999999156e-01 2.000000000000005662e-01 8.000000000000018208e-01 9.000000000000155653e-01
6.650000000000001465e-01 2.000000000000005107e-01 8.000000000000018208e-01 9.000000000000157874e-01
6.749999999999999334e-01 2.000000000000005385e-01 8.000000000000019318e-01 9.000000000000158984e-01
6.850000000000001643e-01 2.000000000000005385e-01 8.000000000000019318e-01 9.000000000000161204e-01
6.949999999999999512e-01 2.000000000000005662e-01 8.000000000000018208e-01 9.000000000000163425e-01
7.050000000000001821e-01 2.000000000000005662e-01 8.000000000000018208e-01 9.000000000000166755e-01
7.149999999999999689e-01 2.000000000000005940e-01 8.000000000000018208e-01 9.000000000000168976e-01
7.250000000000001998e-01 2.000000000000005940e-01 8.000000000000018208e-01 9.000000000000172307e-01
7.349999999999999867e-01 2.000000000000006217e-01 8.000000000000018208e-01 9.000000000000174527e-01
7.450000000000002176e-01 2.000000000000006217e-01 8.000000000000019318e-01 9.000000000000176748e-01
7.550000000000000044e-01 2.000000000000006495e-01 8.000000000000019318e-01 9.000000000000178968e-01
7.650000000000002354e-01 2.000000000000006495e-01 8.000000000000020428e-01 9.000000000000181188e-01
7.750000000000000222e-01 2.000000000000006772e-01 8.000000000000019318e-01 9.000000000000184519e-01
7.850000000000002531e-01 2.000000000000006772e-01 8.000000000000021538e-01 9.000000000000185629e-01
7.950000000000000400e-01 2.000000000000007050e-01 8.000000000000020428e-01 9.000000000000188960e-01
8.050000000000002709e-01 2.000000000000007050e-01 8.000000000000020428e-01 9.000000000000192291e-01
8.150000000000000577e-01 2.000000000000007327e-01 8.000000000000019318e-01 9.000000000000195621e-01
8.250000000000002887e-01 2.000000000000007327e-01 8.000000000000020428e-01 9.000000000000196732e-01
8.350000000000000755e-01 2.000000000000007327e-01 8.000000000000020428e-01 9.000000000000200062e-01
8.449999999999998623e-01 2.000000000000007327e-01 8.000000000000021538e-01 9.000000000000202283e-01
8.550000000000000933e-01 2.000000000000007605e-01 8.000000000000021538e-01 9.000000000000204503e-01
8.649999999999998801e-01 2.000000000000007327e-01 8.000000000000020428e-01 9.000000000000207834e-01
8.750000000000001110e-01 2.000000000000007327e-01 8.000000000000022649e-01 9.000000000000208944e-01
8.849999999999998979e-01 2.000000000000007327e-01 8.000000000000025979e-01 9.000000000000207834e-01
8.950000000000001288e-01 2.000000000000007327e-01 8.000000000000024869e-01 9.000000000000211164e-01
9.049999999999999156e-01 2.000000000000007050e-01 8.000000000000024869e-01 9.000000000000214495e-01
9.150000000000001465e-01 2.000000000000007050e-01 8.000000000000028200e-01 9.000000000000213385e-01
9.249999999999999334e-01 2.000000000000007050e-01 8.000000000000028200e-01 9.000000000000216716e-01
9.350000000000001643e-01 2.000000000000007050e-01 8.000000000000028200e-01 9.000000000000218936e-01
9.449999999999999512e-01 2.000000000000006772e-01 8.000000000000025979e-01 9.000000000000232259e-01
9.550000000000001821e-01 2.000000000000006772e-01 8.000000000000024869e-01 9.000000000000261124e-01
9.649999999999999689e-01 2.000000000000006772e-01 8.000000000000021538e-01 9.000000000000331069e-01
9.750000000000001998e-01 2.000000000000007050e-01 8.000000000000011546e-01 9.000000000000480949e-01
9.849999999999999867e-01 2.000000000000007327e-01 7.999999999999993783e-01 9.000000000000815126e-01
9.950000000000002176e-01 2.000000000000007327e-01 7.999999999999957145e-01 9.000000000001551204e-01
1.004999999999999893e+00 2.000000000000007050e-01 7.999999999999883871e-01 9.000000000003144374e-01
1.014999999999999680e+00 2.000000000000007883e-01 7.999999999999723999e-01 9.000000000006556089e-01
1.025000000000000355e+00 2.000000000000008438e-01 7.999999999999385381e-01 9.000000000013796964e-01
1.035000000000000142e+00 2.000000000000009825e-01 7.999999999998678168e-01 9.000000000029007019e-01
1.044999999999999929e+00 2.000000000000014266e-01 7.999999999997196021e-01 9.000000000060699445e-01
1.054999999999999716e+00 2.000000000000024258e-01 7.999999999994139577e-01 9.000000000126173738e-01
1.065000000000000391e+00 2.000000000000047018e-01 7.999999999987875698e-01 9.000000000260345301e-01
1.075000000000000178e+00 2.000000000000097811e-01 7.999999999975136999e-01 9.000000000533113775e-01
1.084999999999999964e+00 2.000000000000209111e-01 7.999999999949444218e-01 9.000000001083313661e-01
1.094999999999999751e+00 2.000000000000453082e-01 7.999999999898008696e-01 9.000000002184717074e-01
1.104999999999999538e+00 2.000000000000982103e-01 7.999999999795798233e-01 9.000000004373215345e-01
1.115000000000000213e+00 2.000000000002124800e-01 7.999999999594152866e-01 9.000000008690499653e-01
1.125000000000000000e+00 2.000000000004575895e-01 7.999999999199094436e-01 9.000000017147693487e-01
1.134999999999999787e+00 2.000000000009805323e-01 7.999999998430358250e-01 9.000000033602051364e-01
1.144999999999999574e+00 2.000000000020904223e-01 7.999999996944294756e-01 9.000000065404787364e-01
1.155000000000000249e+00 2.000000000044334647e-01 7.999999994089794786e-01 9.000000126480233176e-01
1.165000000000000036e+00 2.000000000093556940e-01 7.999999988640373871e-01 9.000000243047820980e-01
1.174999999999999822e+00 2.000000000196480165e-01 7.999999978298600878e-01 9.000000464198699701e-01
1.184999999999999609e+00 2.000000000410733225e-01 7.999999958783975407e-01 9.000000881346384984e-01
1.195000000000000284e+00 2.000000000854852689e-01 7.999999922161787902e-01 9.000001663823330444e-01
1.205000000000000071e+00 2.000000001771764790e-01 7.999999853794736993e-01 9.000003123723642195e-01
1.214999999999999858e+00 2.000000003657613767e-01 7.999999726804798428e-01 9.000005833495713370e-01
1.224999999999999645e+00 2.000000007522414192e-01 7.999999492049923999e-01 9.000010838288249326e-01
1.235000000000000320e+00 2.000000015416052712e-01 7.999999060045814847e-01 9.000020037826192976e-01
1.245000000000000107e+00 2.000000031487067786e-01 7.999998268462469309e-01 9.000036870432310820e-01
1.254999999999999893e+00 2.000000064108847508e-01 7.999996823849314653e-01 9.000067533492519534e-01
1.264999999999999680e+00 2.000000130140057730e-01 7.999994197411524066e-01 9.000123152685312045e-01
1.275000000000000355e+00 2.000000263443972026e-01 7.999989438993219126e-01 9.000223622571276172e-01
1.285000000000000142e+00 2.000000531890983868e-01 7.999980845626369907e-01 9.000404379160564794e-01
1.294999999999999929e+00 2.000001071228156291e-01 7.999965371654330637e-01 9.000728292427407906e-01
1.304999999999999716e+00 2.000002152424504576e-01 7.999937579725854286e-01 9.001306453516092487e-01
1.315000000000000391e+00 2.000004315325570603e-01 7.999887775847742688e-01 9.002334321652837312e-01
1.325000000000000178e+00 2.000008633356143151e-01 7.999798693557663709e-01 9.004154202870071622e-01
1.334999999999999964e+00 2.000017236460323311e-01 7.999639596869498881e-01 9.007362463847905509e-01
1.344999999999999751e+00 2.000034340820550094e-01 7.999355792135743881e-01 9.012991868368297466e-01
1.355000000000000426e+00 2.000068266900041913e-01 7.998849992690271193e-01 9.022818143249011769e-01
1.365000000000000213e+00 2.000135365692149725e-01 7.997949321417675561e-01 9.039867732015390844e-01
1.375000000000000000e+00 2.000267568588147138e-01 7.996347375169384764e-01 9.069241924504877206e-01
1.384999999999999787e+00 2.000526627464519480e-01 7.993504310973854610e-01 9.119417479860462139e-01
1.394999999999999574e+00 2.001030118128482860e-01 7.988480509805082619e-01 9.204218213698494022e-01
1.405000000000000249e+00 2.001996381675439918e-01 7.979677776547809964e-01 9.345628166669180947e-01
1.415000000000000036e+00 2.003815076023860164e-01 7.964487154280454062e-01 9.577432151200248045e-01
1.424999999999999822e+00 2.007139690524997466e-01 7.938938086545203054e-01 9.949150768700883996e-01
1.434999999999999609e+00 2.012967153122186548e-01 7.897653265530180100e-01 1.052870319271557165e+00
1.445000000000000284e+00 2.022618954639642808e-01 7.834651046284254461e-01 1.140076756464980967e+00
1.455000000000000071e+00 2.037520073632905215e-01 7.745388865553226587e-01 1.265681220353708669e+00
1.464999999999999858e+00 2.058782566220606070e-01 7.629428848376611505e-01 1.437421443931162113e+00
1.474999999999999645e+00 2.086817443741747213e-01 7.491869478690790229e-01 1.658739666736894547e+00
1.485000000000000320e+00 2.121260179033647719e-01 7.342105179883944288e-01 1.926150981465378331e+00
1.495000000000000107e+00 2.161247351893220980e-01 7.190692865915303544e-01 2.228246106454468745e+00
1.504999999999999893e+00 2.205810883576441728e-01 7.046452693686953150e-01 2.547097932632914841e+00
1.514999999999999680e+00 2.254158682116838563e-01 6.915084119026874143e-01 2.861606994224354938e+00
1.525000000000000355e+00 2.305781266530911588e-01 6.799158806802462207e-01 3.151378045589871668e+00
1.535000000000000142e+00 2.360441441301658339e-01 6.698788599674471156e-01 3.399685954620882633e+00
1.544999999999999929e+00 2.418119964195767357e-01 6.612417411632186548e-01 3.594799323769075627e+00
1.554999999999999716e+00 2.478962203703730383e-01 6.537479564809068888e-01 3.729770190813459507e+00
1.565000000000000391e+00 2.543244123213820318e-01 6.470856346206811383e-01 3.801294464062757950e+00
1.575000000000000178e+00 2.611361955788574218e-01 6.409145694338932442e-01 3.808319359702104112e+00
1.584999999999999964e+00 2.683845460555829288e-01 6.348786587337588161e-01 3.750897453309351537e+00
1.594999999999999751e+00 2.761395018001748247e-01 6.286082935152148554e-01 3.629563593931386389e+00
1.605000000000000426e+00 2.844945273083223092e-01 6.217167054130378068e-01 3.445345482896443379e+00
1.615000000000000213e+00 2.935761314703896896e-01 6.137937159970066059e-01 3.200416465674268185e+00
1.625000000000000000e+00 3.035576511512080300e-01 6.044000765011001697e-01 2.899310057307572741e+00
1.634999999999999787e+00 3.146781514712006511e-01 5.930660831612190043e-01 2.550477334225095039e+00
1.644999999999999574e+00 3.272662931319605395e-01 5.793003852778850771e-01 2.167743426953652630e+00
1.655000000000000249e+00 3.417641106615447177e-01 5.626213489009782576e-01 1.770944092353777588e+00
1.665000000000000036e+00 3.587295615555607387e-01 5.426391634491531946e-01 1.384859461238050704e+00
1.674999999999999822e+00 3.787527870856177148e-01 5.192477140513835909e-01 1.035796732905206463e+00
1.684999999999999609e+00 4.021311488578042104e-01 4.930141137362917814e-01 7.460689385090572001e-01
1.695000000000000284e+00 4.280913974723720150e-01 4.657580027818865598e-01 5.280761715312576321e-01
1.705000000000000071e+00 4.538001190979746302e-01 4.408082614815447831e-01 3.809277262227767080e-01
1.714999999999999858e+00 4.748287250838657547e-01 4.217845078164557115e-01 2.921293150226317303e-01
1.724999999999999645e+00 4.883341421309208008e-01 4.100945031306602595e-01 2.438694780638760162e-01
1.735000000000000320e+00 4.952182744437378381e-01 4.042143475486453252e-01 2.198354143112146442e-01
1.745000000000000107e+00 4.981802480949651390e-01 4.016557754462115049e-01 2.086338256120052748e-01
1.754999999999999893e+00 4.993333577135426471e-01 4.006322086714663722e-01 2.036559961269885921e-01
1.764999999999999680e+00 4.997600771834471156e-01 4.002388754466326137e-01 2.015173294444877750e-01
1.775000000000000355e+00 4.999143305061988229e-01 4.000900868493247331e-01 2.006203989350841266e-01
1.785000000000000142e+00 4.999695168334628570e-01 4.000340300252801518e-01 2.002508129263417258e-01
1.794999999999999929e+00 4.999891711967618946e-01 4.000128908669440264e-01 2.001005158874032408e-01
1.804999999999999716e+00 4.999961565705466349e-01 4.000048976663981293e-01 2.000400071563123161e-01
1.815000000000000391e+00 4.999986366499482582e-01 4.000018658581214193e-01 2.000158365363751967e-01
1.825000000000000178e+00 4.999995166122049861e-01 4.000007125050734080e-01 2.000062410112012912e-01
1.834999999999999964e+00 4.999998286830902861e-01 4.000002726122663943e-01 2.000024505718240031e-01
1.844999999999999751e+00 4.999999393090558963e-01 4.000001044692763630e-01 2.000009593214362447e-01
1.855000000000000426e+00 4.999999785086359783e-01 4.000000400840182935e-01 2.000003745867393323e-01
1.865000000000000213e+00 4.999999923929643875e-01 4.000000153944601733e-01 2.000001459467139475e-01
1.875000000000000000e+00 4.999999973086374783e-01 4.000000059163772992e-01 2.000000567566986021e-01
1.884999999999999787e+00 4.999999990482401069e-01 4.000000022748253503e-01 2.000000220353869151e-01
1.894999999999999574e+00 4.999999996635859367e-01 4.000000008748967883e-01 2.000000085424653296e-01
1.905000000000000249e+00 4.999999998811482937e-01 4.000000003365187795e-01 2.000000033072401040e-01
1.915000000000000036e+00 4.999999999580324039e-01 4.000000001294321539e-01 2.000000012788371584e-01
1.924999999999999822e+00 4.999999999851886812e-01 4.000000000497738184e-01 2.000000004939324616e-01
1.934999999999999609e+00 4.999999999947755680e-01 4.000000000191354932e-01 2.000000001905675728e-01
1.945000000000000284e+00 4.999999999981581955e-01 4.000000000073537509e-01 2.000000000734478700e-01
1.955000000000000071e+00 4.999999999993511302e-01 4.000000000028247626e-01 2.000000000282794177e-01
1.964999999999999858e+00 4.999999999997715161e-01 4.000000000010843770e-01 2.000000000108775877e-01
1.974999999999999645e+00 4.999999999999196754e-01 4.000000000004160783e-01 2.000000000041798898e-01
1.985000000000000320e+00 4.999999999999715783e-01 4.000000000001595613e-01 2.000000000016046164e-01
1.995000000000000107e+00 4.999999999999900080e-01 4.000000000000613620e-01 2.000000000006152967e-01
2.004999999999999893e+00 4.999999999999964473e-01 4.000000000000236144e-01 2.000000000002357670e-01
2.014999999999999680e+00 4.999999999999986677e-01 4.000000000000090705e-01 2.000000000000903277e-01
2.025000000000000355e+00 4.999999999999994449e-01 4.000000000000035194e-01 2.000000000000346501e-01
2.035000000000000142e+00 4.999999999999999445e-01 4.000000000000014100e-01 2.000000000000132505e-01
2.044999999999999929e+00 5.000000000000000000e-01 4.000000000000004108e-01 2.000000000000051459e-01
2.054999999999999716e+00 5.000000000000000000e-01 4.000000000000002998e-01 2.000000000000019817e-01
2.065000000000000391e+00 5.000000000000000000e-01 4.000000000000001887e-01 2.000000000000008160e-01
2.075000000000000178e+00 5.000000000000000000e-01 4.000000000000000777e-01 2.000000000000003719e-01
2.084999999999999964e+00 5.000000000000000000e-01 4.000000000000000777e-01 2.000000000000001499e-01
2.094999999999999751e+00 5.000000000000000000e-01 4.000000000000000777e-01 2.000000000000000111e-01
2.105000000000000426e+00 5.000000000000000000e-01 4.000000000000000777e-01 2.000000000000000111e-01
2.115000000000000213e+00 5.000000000000000000e-01 4.000000000000000777e-01 2.000000000000000111e-01
2.125000000000000000e+00 5.000000000000000000e-01 4.000000000000000777e-01 2.000000000000000111e-01
2.134999999999999787e+00 5.000000000000000000e-01 4.000000000000000777e-01 2.000000000000000111e-01
2.144999999999999574e+00 5.000000000000000000e-01 4.000000000000000777e-01 2.000000000000000111e-01
2.155000000000000249e+00 5.000000000000000000e-01 4.000000000000000777e-01 2.000000000000000111e-01
2.165000000000000036e+00 5.000000000000000000e-01 4.000000000000000777e-01 2.000000000000000111e-01
2.174999999999999822e+00 5.000000000000000000e-01 4.000000000000000777e-01 2.000000000000000111e-01
2.184999999999999609e+00 5.000000000000000000e-01 4.000000000000000777e-01 2.000000000000000111e-01
2.195000000000000284e+00 5.000000000000000000e-01 4.000000000000000777e-01 2.000000000000000111e-01
2.205000000000000071e+00 5.000000000000000000e-01 4.000000000000000777e-01 2.000000000000000111e-01
2.214999999999999858e+00 5.000000000000000000e-01 4.000000000000000777e-01 2.000000000000000111e-01
2.224999999999999645e+00 5.000000000000000000e-01 4.000000000000000777e-01 2.000000000000000111e-01
2.235000000000000320e+00 5.000000000000000000e-01 4.000000000000000777e-01 2.000000000000000111e-01
2.245000000000000107e+00 5.000000000000000000e-01 4.000000000000000777e-01 2.000000000000000111e-01
2.254999999999999893e+00 5.000000000000000000e-01 4.000000000000000777e-01 2.000000000000000111e-01
2.264999999999999680e+00 5.000000000000000000e-01 4.000000000000000777e-01 2.000000000000000111e-01
2.275000000000000355e+00 5.000000000000000000e-01 4.000000000000000777e-01 2.000000000000000111e-01
2.285000000000000142e+00 5.000000000000000000e-01 4.000000000000000777e-01 2.000000000000000111e-01
2.294999999999999929e+00 5.000000000000000000e-01 4.000000000000000777e-01 2.000000000000000111e-01
2.304999999999999716e+00 5.000000000000000000e-01 4.000000000000000777e-01 2.000000000000000111e-01
2.315000000000000391e+00 5.000000000000000000e-01 4.000000000000000777e-01 2.000000000000000111e-01
2.325000000000000178e+00 5.000000000000000000e-01 4.000000000000000777e-01 2.000000000000000111e-01
2.334999999999999964e+00 5.000000000000000000e-01 4.000000000000000777e-01 2.000000000000000111e-01
2.344999999999999751e+00 5.000000000000000000e-01 4.000000000000000777e-01 2.000000000000000111e-01
2.355000000000000426e+00 5.000000000000000000e-01 4.000000000000000777e-01 2.000000000000000111e-01
2.365000000000000213e+00 5.000000000000000000e-01 4.000000000000000777e-01 2.000000000000000111e-01
2.375000000000000000e+00 5.000000000000000000e-01 4.000000000000000777e-01 2.000000000000000111e-01
2.384999999999999787e+00 5.000000000000000000e-01 4.000000000000000777e-01 2.000000000000000111e-01
2.394999999999999574e+00 5.000000000000000000e-01 4.000000000000000777e-01 2.000000000000000111e-01
2.405000000000000249e+00 5.000000000000000000e-01 4.000000000000000777e-01 2.000000000000000111e-01
2.415000000000000036e+00 5.000000000000000000e-01 4.000000000000000777e-01 2.000000000000000111e-01
2.424999999999999822e+00 5.000000000000000000e-01 4.000000000000000777e-01 2.000000000000000111e-01
2.434999999999999609e+00 5.000000000000000000e-01 4.000000000000000777e-01 2.000000000000000111e-01
2.445000000000000284e+00 5.000000000000000000e-01 4.000000000000000777e-01 2.000000000000000111e-01
2.455000000000000071e+00 5.000000000000000000e-01 4.000000000000000777e-01 2.000000000000000111e-01
2.464999999999999858e+00 5.000000000000000000e-01 4.000000000000000777e-01 2.000000000000000111e-01
2.474999999999999645e+00 5.000000000000000000e-01 4.000000000000000777e-01 2.000000000000000111e-01
2.485000000000000320e+00 5.000000000000000000e-01 4.000000000000000777e-01 2.000000000000000111e-01
2.495000000000000107e+00 5.000000000000000000e-01 4.000000000000000777e-01 2.000000000000000111e-01
2.504999999999999893e+00 5.000000000000000000e-01 4.000000000000000777e-01 2.000000000000000111e-01
2.514999999999999680e+00 5.000000000000000000e-01 4.000000000000000777e-01 2.000000000000000111e-01
2.525000000000000355e+00 5.000000000000000000e-01 4.000000000000000777e-01 2.000000000000000111e-01
2.535000000000000142e+00 5.000000000000000000e-01 4.000000000000000777e-01 2.000000000000000111e-01
2.544999999999999929e+00 5.000000000000000000e-01 4.000000000000000777e-01 2.000000000000000111e-01
2.554999999999999716e+00 5.000000000000000000e-01 4.000000000000000777e-01 2.000000000000000111e-01
2.565000000000000391e+00 5.000000000000000000e-01 4.000000000000000777e-01 2.000000000000000111e-01
2.575000000000000178e+00 5.000000000000000000e-01 4.000000000000000777e-01 2.000000000000000111e-01
2.584999999999999964e+00 5.000000000000000000e-01 4.000000000000000777e-01 2.000000000000000111e-01
2.594999999999999751e+00 5.000000000000000000e-01 4.000000000000000777e-01 2.000000000000000111e-01
2.605000000000000426e+00 5.000000000000000000e-01 4.000000000000000777e-01 2.000000000000000111e-01
2.615000000000000213e+00 5.000000000000000000e-01 4.000000000000000777e-01 2.000000000000000111e-01
2.625000000000000000e+00 5.000000000000000000e-01 4.000000000000000777e-01 2.000000000000000111e-01
2.634999999999999787e+00 5.000000000000000000e-01 4.000000000000000777e-01 2.000000000000000111e-01
2.644999999999999574e+00 5.000000000000000000e-01 4.000000000000000777e-01 2.000000000000000111e-01
2.655000000000000249e+00 5.000000000000000000e-01 4.000000000000000777e-01 2.000000000000000111e-01
2.665000000000000036e+00 5.000000000000000000e-01 4.000000000000000777e-01 2.000000000000000111e-01
2.674999999999999822e+00 5.000000000000000000e-01 4.000000000000000777e-01 2.000000000000000111e-01
2.684999999999999609e+00 5.000000000000000000e-01 4.000000000000000777e-01 2.000000000000000111e-01
2.695000000000000284e+00 5.000000000000000000e-01 4.000000000000000777e-01 2.000000000000000111e-01
2.705000000000000071e+00 5.000000000000000000e-01 4.000000000000000777e-01 2.000000000000000111e-01
2.714999999999999858e+00 5.000000000000000000e-01 4.000000000000000777e-01 2.000000000000000111e-01
2.724999999999999645e+00 5.000000000000000000e-01 4.000000000000000777e-01 2.000000000000000111e-01
2.735000000000000320e+00 5.000000000000000000e-01 4.000000000000000777e-01 2.000000000000000111e-01
2.745000000000000107e+00 5.000000000000000000e-01 4.000000000000000777e-01 2.000000000000000111e-01
2.754999999999999893e+00 5.000000000000000000e-01 4.000000000000000777e-01 2.000000000000000111e-01
2.764999999999999680e+00 5.000000000000000000e-01 4.000000000000000777e-01 2.000000000000000111e-01
2.775000000000000355e+00 5.000000000000000000e-01 4.000000000000000777e-01 2.000000000000000111e-01
2.785000000000000142e+00 5.000000000000000000e-01 4.000000000000000777e-01 2.000000000000000111e-01
2.794999999999999929e+00 5.000000000000000000e-01 4.000000000000000777e-01 2.000000000000000111e-01
2.804999999999999716e+00 5.000000000000000000e-01 4.000000000000000777e-01 2.000000000000000111e-01
2.815000000000000391e+00 5.000000000000000000e-01 4.000000000000000777e-01 2.000000000000000111e-01
2.825000000000000178e+00 5.000000000000000000e-01 4.000000000000000777e-01 2.000000000000000111e-01
2.834999999999999964e+00 5.000000000000000000e-01 4.000000000000000777e-01 2.000000000000000111e-01
2.844999999999999751e+00 5.000000000000000000e-01 4.000000000000000777e-01 2.000000000000000111e-01
2.855000000000000426e+00 5.000000000000000000e-01 4.000000000000000777e-01 2.000000000000000111e-01
2.865000000000000213e+00 5.000000000000000000e-01 4.000000000000000777e-01 2.000000000000000111e-01
2.875000000000000000e+00 5.000000000000000000e-01 4.000000000000000777e-01 2.000000000000000111e-01
2.884999999999999787e+00 5.000000000000000000e-01 4.000000000000000777e-01 2.000000000000000111e-01
2.894999999999999574e+00 5.000000000000000000e-01 4.000000000000000777e-01 2.000000000000000111e-01
2.905000000000000249e+00 5.000000000000000000e-01 4.000000000000000777e-01 2.000000000000000111e-01
2.915000000000000036e+00 5.000000000000000000e-01 4.000000000000000777e-01 2.000000000000000111e-01
2.924999999999999822e+00 5.000000000000000000e-01 4.000000000000000777e-01 2.000000000000000111e-01
2.934999999999999609e+00 5.000000000000000000e-01 4.000000000000000777e-01 2.000000000000000111e-01
2.945000000000000284e+00 5.000000000000000000e-01 4.000000000000000777e-01 2.000000000000000111e-01
2.955000000000000071e+00 5.000000000000000000e-01 4.000000000000000777e-01 2.000000000000000111e-01
2.964999999999999858e+00 5.000000000000000000e-01 4.000000000000000777e-01 2.000000000000000111e-01
2.974999999999999645e+00 5.000000000000000000e-01 4.000000000000000777e-01 2.000000000000000111e-01
2.985000000000000320e+00 5.000000000000000000e-01 4.000000000000000777e-01 2.000000000000000111e-01
2.995000000000000107e+00 5.000000000000000000e-01 4.000000000000000777e-01 2.000000000000000111e-01
