-2.995000000000000107e+00 2.000000000000000111e-01 8.000000000000000444e-01 9.000000000000000222e-01
-2.985000000000000320e+00 2.000000000000000111e-01 8.000000000000000444e-01 9.000000000000000222e-01
-2.975000000000000089e+00 2.000000000000000111e-01 8.000000000000000444e-01 9.000000000000000222e-01
-2.965000000000000302e+00 2.000000000000000111e-01 8.000000000000000444e-01 9.000000000000000222e-01
-2.955000000000000071e+00 2.000000000000000111e-01 8.000000000000000444e-01 9.000000000000000222e-01
-2.945000000000000284e+00 2.000000000000000111e-01 8.000000000000000444e-01 9.000000000000000222e-01
-2.935000000000000053e+00 2.000000000000000111e-01 8.000000000000000444e-01 9.000000000000000222e-01
-2.925000000000000266e+00 2.000000000000000111e-01 8.000000000000000444e-01 9.000000000000000222e-01
-2.915000000000000036e+00 2.000000000000000111e-01 8.000000000000000444e-01 9.000000000000000222e-01
-2.905000000000000249e+00 2.000000000000000111e-01 8.000000000000000444e-01 9.000000000000000222e-01
-2.895000000000000018e+00 2.000000000000000111e-01 8.000000000000000444e-01 9.000000000000000222e-01
-2.885000000000000231e+00 2.000000000000000111e-01 8.000000000000000444e-01 9.000000000000000222e-01
-2.875000000000000000e+00 2.000000000000000111e-01 8.000000000000000444e-01 9.000000000000000222e-01
-2.865000000000000213e+00 2.000000000000000111e-01 8.000000000000000444e-01 9.000000000000000222e-01
-2.854999999999999982e+00 2.000000000000000111e-01 8.000000000000000444e-01 9.000000000000000222e-01
-2.845000000000000195e+00 2.000000000000000111e-01 8.000000000000000444e-01 9.000000000000000222e-01
-2.834999999999999964e+00 2.000000000000000111e-01 8.000000000000000444e-01 9.000000000000000222e-01
-2.825000000000000178e+00 2.000000000000000111e-01 8.000000000000000444e-01 9.000000000000000222e-01
-2.814999999999999947e+00 2.000000000000000111e-01 8.000000000000000444e-01 9.000000000000000222e-01
-2.805000000000000160e+00 2.000000000000000111e-01 8.000000000000000444e-01 9.000000000000000222e-01
-2.794999999999999929e+00 2.000000000000000111e-01 8.000000000000000444e-01 9.000000000000000222e-01
-2.785000000000000142e+00 2.000000000000000111e-01 8.000000000000000444e-01 9.000000000000000222e-01
-2.774999999999999911e+00 2.000000000000000111e-01 8.000000000000000444e-01 9.000000000000000222e-01
-2.765000000000000124e+00 2.000000000000000111e-01 8.000000000000000444e-01 9.000000000000000222e-01
-2.754999999999999893e+00 2.000000000000000111e-01 8.000000000000000444e-01 9.000000000000000222e-01
-2.745000000000000107e+00 2.000000000000000111e-01 8.000000000000000444e-01 9.000000000000000222e-01
-2.735000000000000320e+00 2.000000000000000111e-01 8.000000000000000444e-01 9.000000000000000222e-01
-2.725000000000000089e+00 2.000000000000000111e-01 8.000000000000000444e-01 9.000000000000000222e-01
-2.714999999999999858e+00 2.000000000000000111e-01 8.000000000000000444e-01 9.000000000000000222e-01
-2.705000000000000071e+00 2.000000000000000111e-01 8.000000000000000444e-01 9.000000000000000222e-01
-2.695000000000000284e+00 2.000000000000000111e-01 8.000000000000000444e-01 9.000000000000000222e-01
-2.685000000000000053e+00 2.000000000000000111e-01 8.000000000000000444e-01 9.000000000000000222e-01
-2.675000000000000266e+00 2.000000000000000111e-01 8.000000000000000444e-01 9.000000000000000222e-01
-2.665000000000000036e+00 2.000000000000000111e-01 8.000000000000000444e-01 9.000000000000000222e-01
-2.655000000000000249e+00 2.000000000000000111e-01 8.000000000000000444e-01 9.000000000000000222e-01
-2.645000000000000018e+00 2.000000000000000111e-01 8.000000000000000444e-01 9.000000000000000222e-01
-2.635000000000000231e+00 2.000000000000000111e-01 8.000000000000000444e-01 9.000000000000000222e-01
-2.625000000000000000e+00 2.000000000000000111e-01 8.000000000000000444e-01 9.000000000000000222e-01
-2.615000000000000213e+00 2.000000000000000111e-01 8.000000000000000444e-01 9.000000000000000222e-01
-2.604999999999999982e+00 2.000000000000000111e-01 8.000000000000000444e-01 9.000000000000000222e-01
-2.595000000000000195e+00 2.000000000000000111e-01 8.000000000000000444e-01 9.000000000000000222e-01
-2.584999999999999964e+00 2.000000000000000111e-01 8.000000000000000444e-01 9.000000000000000222e-01
-2.575000000000000178e+00 2.000000000000000111e-01 8.000000000000000444e-01 9.000000000000000222e-01
-2.564999999999999947e+00 2.000000000000000111e-01 8.000000000000000444e-01 9.000000000000000222e-01
-2.555000000000000160e+00 2.000000000000000111e-01 8.000000000000000444e-01 9.000000000000000222e-01
-2.544999999999999929e+00 2.000000000000000111e-01 8.000000000000000444e-01 9.000000000000000222e-01
-2.535000000000000142e+00 2.000000000000000111e-01 8.000000000000000444e-01 9.000000000000000222e-01
-2.524999999999999911e+00 2.000000000000000111e-01 8.000000000000000444e-01 9.000000000000000222e-01
-2.515000000000000124e+00 2.000000000000000111e-01 8.000000000000000444e-01 9.000000000000000222e-01
-2.504999999999999893e+00 2.000000000000000111e-01 8.000000000000000444e-01 9.000000000000000222e-01
-2.495000000000000107e+00 2.000000000000000111e-01 8.000000000000000444e-01 9.000000000000000222e-01
-2.485000000000000320e+00 2.000000000000000111e-01 8.000000000000000444e-01 9.000000000000000222e-01
-2.475000000000000089e+00 2.000000000000000111e-01 8.000000000000000444e-01 9.000000000000000222e-01
-2.464999999999999858e+00 2.000000000000000111e-01 8.000000000000000444e-01 9.000000000000000222e-01
-2.455000000000000071e+00 2.000000000000000111e-01 8.000000000000000444e-01 9.000000000000000222e-01
-2.445000000000000284e+00 2.000000000000000111e-01 8.000000000000000444e-01 9.000000000000000222e-01
-2.435000000000000053e+00 2.000000000000000111e-01 8.000000000000000444e-01 9.000000000000000222e-01
-2.424999999999999822e+00 2.000000000000000111e-01 8.000000000000000444e-01 9.000000000000000222e-01
-2.415000000000000036e+00 2.000000000000000111e-01 8.000000000000000444e-01 9.000000000000000222e-01
-2.405000000000000249e+00 2.000000000000000111e-01 8.000000000000000444e-01 9.000000000000000222e-01
-2.395000000000000018e+00 2.000000000000000111e-01 8.000000000000000444e-01 9.000000000000000222e-01
-2.385000000000000231e+00 2.000000000000000111e-01 8.000000000000000444e-01 9.000000000000000222e-01
-2.375000000000000000e+00 2.000000000000000111e-01 8.000000000000000444e-01 9.000000000000000222e-01
-2.365000000000000213e+00 2.000000000000000111e-01 8.000000000000000444e-01 9.000000000000000222e-01
-2.354999999999999982e+00 2.000000000000000111e-01 8.000000000000000444e-01 9.000000000000000222e-01
-2.345000000000000195e+00 2.000000000000000111e-01 8.000000000000000444e-01 9.000000000000000222e-01
-2.334999999999999964e+00 2.000000000000000111e-01 8.000000000000000444e-01 9.000000000000000222e-01
-2.325000000000000178e+00 2.000000000000000111e-01 8.000000000000000444e-01 9.000000000000000222e-01
-2.314999999999999947e+00 2.000000000000000111e-01 8.000000000000000444e-01 9.000000000000000222e-01
-2.305000000000000160e+00 2.000000000000000111e-01 8.000000000000000444e-01 9.000000000000000222e-01
-2.294999999999999929e+00 2.000000000000000111e-01 8.000000000000000444e-01 9.000000000000000222e-01
-2.285000000000000142e+00 2.000000000000000111e-01 8.000000000000000444e-01 9.000000000000000222e-01
-2.275000000000000355e+00 2.000000000000000111e-01 8.000000000000000444e-01 9.000000000000000222e-01
-2.265000000000000124e+00 2.000000000000000111e-01 8.000000000000000444e-01 9.000000000000000222e-01
-2.254999999999999893e+00 2.000000000000000111e-01 8.000000000000000444e-01 9.000000000000000222e-01
-2.245000000000000107e+00 2.000000000000000111e-01 8.000000000000000444e-01 9.000000000000000222e-01
-2.235000000000000320e+00 2.000000000000000111e-01 8.000000000000000444e-01 9.000000000000000222e-01
-2.225000000000000089e+00 2.000000000000000111e-01 8.000000000000000444e-01 9.000000000000000222e-01
-2.214999999999999858e+00 2.000000000000000111e-01 8.000000000000000444e-01 9.000000000000000222e-01
-2.205000000000000071e+00 2.000000000000000111e-01 8.000000000000000444e-01 9.000000000000000222e-01
-2.195000000000000284e+00 2.000000000000000111e-01 8.000000000000000444e-01 9.000000000000000222e-01
-2.185000000000000053e+00 2.000000000000000111e-01 8.000000000000000444e-01 9.000000000000000222e-01
-2.174999999999999822e+00 2.000000000000000111e-01 8.000000000000000444e-01 9.000000000000000222e-01
-2.165000000000000036e+00 2.000000000000000111e-01 8.000000000000000444e-01 9.000000000000000222e-01
-2.155000000000000249e+00 2.000000000000000111e-01 8.000000000000000444e-01 9.000000000000000222e-01
-2.145000000000000018e+00 2.000000000000000111e-01 8.000000000000000444e-01 9.000000000000000222e-01
-2.135000000000000231e+00 2.000000000000000111e-01 8.000000000000000444e-01 9.000000000000000222e-01
-2.125000000000000000e+00 2.000000000000000111e-01 8.000000000000000444e-01 9.000000000000000222e-01
-2.115000000000000213e+00 2.000000000000000111e-01 8.000000000000000444e-01 9.000000000000000222e-01
-2.104999999999999982e+00 2.000000000000000111e-01 8.000000000000000444e-01 9.000000000000000222e-01
-2.095000000000000195e+00 2.000000000000000111e-01 8.000000000000000444e-01 9.000000000000000222e-01
-2.084999999999999964e+00 2.000000000000000111e-01 8.000000000000000444e-01 9.000000000000000222e-01
-2.075000000000000178e+00 2.000000000000000111e-01 8.000000000000000444e-01 9.000000000000000222e-01
-2.064999999999999947e+00 2.000000000000000111e-01 8.000000000000000444e-01 9.000000000000000222e-01
-2.055000000000000160e+00 2.000000000000000111e-01 8.000000000000000444e-01 9.000000000000000222e-01
-2.044999999999999929e+00 2.000000000000000111e-01 8.000000000000000444e-01 9.000000000000000222e-01
-2.035000000000000142e+00 2.000000000000000111e-01 8.000000000000000444e-01 9.000000000000000222e-01
-2.025000000000000355e+00 2.000000000000000111e-01 8.000000000000000444e-01 9.000000000000000222e-01
-2.015000000000000124e+00 2.000000000000000111e-01 8.000000000000000444e-01 9.000000000000000222e-01
-2.004999999999999893e+00 2.000000000000000111e-01 8.000000000000000444e-01 9.000000000000000222e-01
-1.995000000000000107e+00 2.000000000000000111e-01 8.000000000000000444e-01 9.000000000000000222e-01
-1.985000000000000098e+00 2.000000000000000111e-01 8.000000000000000444e-01 9.000000000000000222e-01
-1.975000000000000089e+00 2.000000000000000111e-01 8.000000000000000444e-01 9.000000000000000222e-01
-1.965000000000000080e+00 2.000000000000000111e-01 8.000000000000000444e-01 9.000000000000000222e-01
-1.955000000000000071e+00 2.000000000000000111e-01 8.000000000000000444e-01 9.000000000000000222e-01
-1.945000000000000062e+00 2.000000000000000111e-01 8.000000000000000444e-01 9.000000000000000222e-01
-1.935000000000000053e+00 2.000000000000000111e-01 8.000000000000000444e-01 9.000000000000000222e-01
-1.925000000000000044e+00 2.000000000000000111e-01 8.000000000000000444e-01 9.000000000000000222e-01
-1.915000000000000036e+00 2.000000000000000111e-01 8.000000000000000444e-01 9.000000000000000222e-01
-1.905000000000000027e+00 2.000000000000000111e-01 8.000000000000000444e-01 9.000000000000000222e-01
-1.895000000000000018e+00 2.000000000000000111e-01 8.000000000000000444e-01 9.000000000000000222e-01
-1.885000000000000009e+00 2.000000000000000111e-01 8.000000000000000444e-01 9.000000000000000222e-01
-1.875000000000000000e+00 2.000000000000000111e-01 8.000000000000000444e-01 9.000000000000000222e-01
-1.864999999999999991e+00 2.000000000000000111e-01 8.000000000000000444e-01 9.000000000000000222e-01
-1.854999999999999982e+00 2.000000000000000111e-01 8.000000000000000444e-01 9.000000000000000222e-01
-1.844999999999999973e+00 2.000000000000000111e-01 8.000000000000000444e-01 9.000000000000000222e-01
-1.835000000000000187e+00 2.000000000000000111e-01 8.000000000000000444e-01 9.000000000000000222e-01
-1.825000000000000178e+00 2.000000000000000111e-01 8.000000000000000444e-01 9.000000000000000222e-01
-1.815000000000000169e+00 2.000000000000000111e-01 8.000000000000000444e-01 9.000000000000000222e-01
-1.805000000000000160e+00 2.000000000000000111e-01 8.000000000000000444e-01 9.000000000000000222e-01
-1.795000000000000151e+00 2.000000000000000111e-01 8.000000000000000444e-01 9.000000000000000222e-01
-1.785000000000000142e+00 2.000000000000000111e-01 8.000000000000000444e-01 9.000000000000000222e-01
-1.775000000000000133e+00 2.000000000000000111e-01 8.000000000000000444e-01 9.000000000000000222e-01
-1.765000000000000124e+00 2.000000000000000111e-01 8.000000000000000444e-01 9.000000000000000222e-01
-1.755000000000000115e+00 2.000000000000000111e-01 8.000000000000000444e-01 9.000000000000000222e-01
-1.745000000000000107e+00 2.000000000000000111e-01 8.000000000000000444e-01 9.000000000000000222e-01
-1.735000000000000098e+00 2.000000000000000111e-01 8.000000000000000444e-01 9.000000000000000222e-01
-1.725000000000000089e+00 2.000000000000000111e-01 8.000000000000000444e-01 9.000000000000000222e-01
-1.715000000000000080e+00 2.000000000000000111e-01 8.000000000000000444e-01 9.000000000000000222e-01
-1.705000000000000071e+00 2.000000000000000111e-01 8.000000000000000444e-01 9.000000000000000222e-01
-1.695000000000000062e+00 2.000000000000000111e-01 8.000000000000000444e-01 9.000000000000000222e-01
-1.685000000000000053e+00 2.000000000000000111e-01 8.000000000000000444e-01 9.000000000000000222e-01
-1.675000000000000044e+00 2.000000000000000111e-01 8.000000000000000444e-01 9.000000000000000222e-01
-1.665000000000000036e+00 2.000000000000000111e-01 8.000000000000000444e-01 9.000000000000000222e-01
-1.655000000000000027e+00 2.000000000000000111e-01 8.000000000000000444e-01 9.000000000000000222e-01
-1.645000000000000018e+00 2.000000000000000111e-01 8.000000000000000444e-01 9.000000000000000222e-01
-1.635000000000000009e+00 2.000000000000000111e-01 8.000000000000000444e-01 9.000000000000000222e-01
-1.625000000000000000e+00 2.000000000000000111e-01 8.000000000000000444e-01 9.000000000000000222e-01
-1.614999999999999991e+00 2.000000000000000111e-01 8.000000000000000444e-01 9.000000000000000222e-01
-1.604999999999999982e+00 2.000000000000000111e-01 8.000000000000000444e-01 9.000000000000000222e-01
-1.594999999999999973e+00 2.000000000000000111e-01 8.000000000000000444e-01 9.000000000000000222e-01
-1.585000000000000187e+00 2.000000000000000111e-01 8.000000000000000444e-01 9.000000000000000222e-01
-1.575000000000000178e+00 2.000000000000000111e-01 8.000000000000000444e-01 9.000000000000000222e-01
-1.565000000000000169e+00 2.000000000000000111e-01 8.000000000000000444e-01 9.000000000000000222e-01
-1.555000000000000160e+00 2.000000000000000111e-01 8.000000000000000444e-01 9.000000000000000222e-01
-1.545000000000000151e+00 2.000000000000000111e-01 8.000000000000000444e-01 9.000000000000000222e-01
-1.535000000000000142e+00 2.000000000000000111e-01 8.000000000000000444e-01 9.000000000000000222e-01
-1.525000000000000133e+00 2.000000000000000111e-01 8.000000000000000444e-01 9.000000000000000222e-01
-1.515000000000000124e+00 2.000000000000000111e-01 8.000000000000000444e-01 9.000000000000000222e-01
-1.505000000000000115e+00 2.000000000000000111e-01 8.000000000000000444e-01 9.000000000000000222e-01
-1.495000000000000107e+00 2.000000000000000111e-01 8.000000000000000444e-01 9.000000000000000222e-01
-1.485000000000000098e+00 2.000000000000000111e-01 8.000000000000000444e-01 9.000000000000000222e-01
-1.475000000000000089e+00 2.000000000000000111e-01 8.000000000000000444e-01 9.000000000000000222e-01
-1.465000000000000080e+00 2.000000000000000111e-01 8.000000000000000444e-01 9.000000000000000222e-01
-1.455000000000000071e+00 2.000000000000000111e-01 8.000000000000000444e-01 9.000000000000000222e-01
-1.445000000000000062e+00 2.000000000000000111e-01 8.000000000000000444e-01 9.000000000000000222e-01
-1.435000000000000053e+00 2.000000000000000111e-01 8.000000000000000444e-01 9.000000000000000222e-01
-1.425000000000000044e+00 2.000000000000000111e-01 8.000000000000000444e-01 9.000000000000000222e-01
-1.415000000000000036e+00 2.000000000000000111e-01 8.000000000000000444e-01 9.000000000000000222e-01
-1.405000000000000027e+00 2.000000000000000111e-01 8.000000000000000444e-01 9.000000000000000222e-01
-1.395000000000000018e+00 2.000000000000000111e-01 8.000000000000000444e-01 9.000000000000000222e-01
-1.385000000000000009e+00 2.000000000000000111e-01 8.000000000000000444e-01 9.000000000000000222e-01
-1.375000000000000000e+00 2.000000000000000111e-01 8.000000000000000444e-01 9.000000000000000222e-01
-1.364999999999999991e+00 2.000000000000000111e-01 8.000000000000000444e-01 9.000000000000000222e-01
-1.354999999999999982e+00 2.000000000000000111e-01 8.000000000000000444e-01 9.000000000000000222e-01
-1.344999999999999973e+00 2.000000000000000111e-01 8.000000000000000444e-01 9.000000000000000222e-01
-1.334999999999999964e+00 2.000000000000000111e-01 8.000000000000000444e-01 9.000000000000000222e-01
-1.325000000000000178e+00 2.000000000000000111e-01 8.000000000000000444e-01 9.000000000000000222e-01
-1.315000000000000169e+00 2.000000000000000111e-01 8.000000000000000444e-01 9.000000000000000222e-01
-1.305000000000000160e+00 2.000000000000000111e-01 8.000000000000000444e-01 9.000000000000000222e-01
-1.295000000000000151e+00 2.000000000000000111e-01 8.000000000000000444e-01 9.000000000000000222e-01
-1.285000000000000142e+00 2.000000000000000111e-01 8.000000000000000444e-01 9.000000000000000222e-01
-1.275000000000000133e+00 2.000000000000000111e-01 8.000000000000000444e-01 9.000000000000000222e-01
-1.265000000000000124e+00 2.000000000000000111e-01 8.000000000000000444e-01 9.000000000000000222e-01
-1.255000000000000115e+00 2.000000000000000111e-01 8.000000000000000444e-01 9.000000000000000222e-01
-1.245000000000000107e+00 2.000000000000000111e-01 8.000000000000000444e-01 9.000000000000000222e-01
-1.235000000000000098e+00 2.000000000000000111e-01 8.000000000000000444e-01 9.000000000000000222e-01
-1.225000000000000089e+00 2.000000000000000111e-01 8.000000000000000444e-01 9.000000000000000222e-01
-1.215000000000000080e+00 2.000000000000000111e-01 8.000000000000000444e-01 9.000000000000000222e-01
-1.205000000000000071e+00 2.000000000000000111e-01 8.000000000000000444e-01 9.000000000000000222e-01
-1.195000000000000062e+00 2.000000000000000111e-01 8.000000000000000444e-01 9.000000000000000222e-01
-1.185000000000000053e+00 2.000000000000000111e-01 8.000000000000000444e-01 9.000000000000000222e-01
-1.175000000000000044e+00 2.000000000000000111e-01 8.000000000000000444e-01 9.000000000000000222e-01
-1.165000000000000036e+00 2.000000000000000111e-01 8.000000000000000444e-01 9.000000000000000222e-01
-1.155000000000000027e+00 2.000000000000000111e-01 8.000000000000000444e-01 9.000000000000000222e-01
-1.145000000000000018e+00 2.000000000000000111e-01 8.000000000000000444e-01 9.000000000000000222e-01
-1.135000000000000009e+00 2.000000000000000111e-01 8.000000000000000444e-01 9.000000000000000222e-01
-1.125000000000000000e+00 2.000000000000000111e-01 8.000000000000000444e-01 9.000000000000000222e-01
-1.114999999999999991e+00 2.000000000000000111e-01 8.000000000000000444e-01 9.000000000000000222e-01
-1.104999999999999982e+00 2.000000000000000111e-01 8.000000000000000444e-01 9.000000000000000222e-01
-1.094999999999999973e+00 2.000000000000000111e-01 8.000000000000000444e-01 9.000000000000000222e-01
-1.084999999999999964e+00 2.000000000000000111e-01 8.000000000000000444e-01 9.000000000000000222e-01
-1.075000000000000178e+00 2.000000000000000111e-01 8.000000000000000444e-01 9.000000000000000222e-01
-1.065000000000000169e+00 2.000000000000000111e-01 8.000000000000000444e-01 9.000000000000000222e-01
-1.055000000000000160e+00 2.000000000000000111e-01 8.000000000000000444e-01 9.000000000000000222e-01
-1.045000000000000151e+00 2.000000000000000111e-01 8.000000000000000444e-01 9.000000000000000222e-01
-1.035000000000000142e+00 2.000000000000000111e-01 8.000000000000000444e-01 9.000000000000000222e-01
-1.025000000000000133e+00 2.000000000000000111e-01 8.000000000000000444e-01 9.000000000000000222e-01
-1.015000000000000124e+00 2.000000000000000111e-01 8.000000000000000444e-01 9.000000000000000222e-01
-1.005000000000000115e+00 2.000000000000000111e-01 8.000000000000000444e-01 9.000000000000000222e-01
-9.949999999999999956e-01 2.000000000000000111e-01 8.000000000000000444e-01 9.000000000000000222e-01
-9.849999999999997646e-01 2.000000000000000111e-01 8.000000000000000444e-01 9.000000000000000222e-01
-9.749999999999999778e-01 2.000000000000000111e-01 8.000000000000000444e-01 9.000000000000000222e-01
-9.649999999999997469e-01 2.000000000000000111e-01 8.000000000000000444e-01 9.000000000000000222e-01
-9.549999999999999600e-01 2.000000000000000111e-01 8.000000000000000444e-01 9.000000000000000222e-01
-9.450000000000001732e-01 2.000000000000000111e-01 8.000000000000000444e-01 9.000000000000000222e-01
-9.349999999999999423e-01 2.000000000000000111e-01 8.000000000000000444e-01 9.000000000000000222e-01
-9.250000000000001554e-01 2.000000000000000111e-01 8.000000000000000444e-01 9.000000000000000222e-01
-9.149999999999999245e-01 2.000000000000000111e-01 8.000000000000000444e-01 9.000000000000000222e-01
-9.050000000000001377e-01 2.000000000000000111e-01 8.000000000000000444e-01 9.000000000000000222e-01
-8.949999999999999067e-01 2.000000000000000111e-01 8.000000000000000444e-01 9.000000000000000222e-01
-8.850000000000001199e-01 2.000000000000000111e-01 8.000000000000000444e-01 9.000000000000000222e-01
-8.749999999999998890e-01 2.000000000000000111e-01 8.000000000000000444e-01 9.000000000000000222e-01
-8.650000000000001021e-01 2.000000000000000111e-01 8.000000000000000444e-01 9.000000000000000222e-01
-8.549999999999998712e-01 2.000000000000000111e-01 8.000000000000000444e-01 9.000000000000000222e-01
-8.450000000000000844e-01 2.000000000000000111e-01 8.000000000000000444e-01 9.000000000000000222e-01
-8.349999999999998535e-01 2.000000000000000111e-01 8.000000000000000444e-01 9.000000000000000222e-01
-8.250000000000000666e-01 2.000000000000000111e-01 8.000000000000000444e-01 9.000000000000000222e-01
-8.149999999999998357e-01 2.000000000000000111e-01 8.000000000000000444e-01 9.000000000000000222e-01
-8.050000000000000488e-01 2.000000000000000111e-01 8.000000000000000444e-01 9.000000000000000222e-01
-7.949999999999998179e-01 2.000000000000000111e-01 8.000000000000000444e-01 9.000000000000000222e-01
-7.850000000000000311e-01 2.000000000000000111e-01 8.000000000000000444e-01 9.000000000000000222e-01
-7.749999999999998002e-01 2.000000000000000111e-01 8.000000000000000444e-01 9.000000000000000222e-01
-7.650000000000000133e-01 2.000000000000000111e-01 8.000000000000000444e-01 9.000000000000000222e-01
-7.549999999999997824e-01 2.000000000000000111e-01 8.000000000000000444e-01 9.000000000000000222e-01
-7.449999999999999956e-01 2.000000000000000111e-01 8.000000000000000444e-01 9.000000000000000222e-01
-7.349999999999997646e-01 2.000000000000000111e-01 8.000000000000000444e-01 9.000000000000000222e-01
-7.249999999999999778e-01 2.000000000000000111e-01 8.000000000000000444e-01 9.000000000000000222e-01
-7.149999999999997469e-01 2.000000000000000111e-01 8.000000000000000444e-01 9.000000000000000222e-01
-7.049999999999999600e-01 2.000000000000000111e-01 8.000000000000000444e-01 9.000000000000000222e-01
-6.949999999999997291e-01 2.000000000000000111e-01 8.000000000000000444e-01 9.000000000000000222e-01
-6.849999999999999423e-01 2.000000000000000111e-01 8.000000000000000444e-01 9.000000000000000222e-01
-6.750000000000001554e-01 2.000000000000000111e-01 8.000000000000000444e-01 9.000000000000000222e-01
-6.649999999999999245e-01 2.000000000000000111e-01 8.000000000000000444e-01 9.000000000000000222e-01
-6.550000000000001377e-01 2.000000000000000111e-01 8.000000000000000444e-01 9.000000000000000222e-01
-6.449999999999999067e-01 2.000000000000000111e-01 8.000000000000000444e-01 9.000000000000000222e-01
-6.350000000000001199e-01 2.000000000000000111e-01 8.000000000000000444e-01 9.000000000000000222e-01
-6.249999999999998890e-01 2.000000000000000111e-01 8.000000000000000444e-01 9.000000000000000222e-01
-6.150000000000001021e-01 2.000000000000000111e-01 8.000000000000000444e-01 9.000000000000000222e-01
-6.049999999999998712e-01 2.000000000000000111e-01 8.000000000000000444e-01 9.000000000000000222e-01
-5.950000000000000844e-01 2.000000000000000111e-01 8.000000000000000444e-01 9.000000000000000222e-01
-5.849999999999998535e-01 2.000000000000000111e-01 8.000000000000000444e-01 9.000000000000000222e-01
-5.750000000000000666e-01 2.000000000000000111e-01 8.000000000000000444e-01 9.000000000000000222e-01
-5.649999999999998357e-01 2.000000000000000111e-01 8.000000000000000444e-01 9.000000000000000222e-01
-5.550000000000000488e-01 2.000000000000000111e-01 8.000000000000000444e-01 9.000000000000000222e-01
-5.449999999999998179e-01 2.000000000000000111e-01 8.000000000000000444e-01 9.000000000000000222e-01
-5.350000000000000311e-01 2.000000000000000111e-01 8.000000000000000444e-01 9.000000000000000222e-01
-5.249999999999998002e-01 2.000000000000000111e-01 8.000000000000000444e-01 9.000000000000000222e-01
-5.150000000000000133e-01 2.000000000000000111e-01 8.000000000000000444e-01 9.000000000000000222e-01
-5.049999999999997824e-01 2.000000000000000111e-01 8.000000000000000444e-01 9.000000000000000222e-01
-4.949999999999999956e-01 2.000000000000000111e-01 8.000000000000000444e-01 9.000000000000000222e-01
-4.849999999999997646e-01 2.000000000000000111e-01 8.000000000000000444e-01 9.000000000000000222e-01
-4.749999999999999778e-01 2.000000000000000111e-01 8.000000000000000444e-01 9.000000000000000222e-01
-4.649999999999997469e-01 2.000000000000000111e-01 8.000000000000000444e-01 9.000000000000000222e-01
-4.549999999999999600e-01 2.000000000000000111e-01 8.000000000000000444e-01 9.000000000000000222e-01
-4.449999999999997291e-01 2.000000000000000111e-01 8.000000000000000444e-01 9.000000000000000222e-01
-4.349999999999999423e-01 2.000000000000000111e-01 8.000000000000000444e-01 9.000000000000000222e-01
-4.250000000000001554e-01 2.000000000000000111e-01 8.000000000000000444e-01 9.000000000000000222e-01
-4.149999999999999245e-01 2.000000000000000111e-01 8.000000000000000444e-01 9.000000000000000222e-01
-4.050000000000001377e-01 2.000000000000000111e-01 8.000000000000000444e-01 9.000000000000000222e-01
-3.949999999999999067e-01 2.000000000000000111e-01 8.000000000000000444e-01 9.000000000000000222e-01
-3.850000000000001199e-01 2.000000000000000111e-01 8.000000000000000444e-01 9.000000000000000222e-01
-3.749999999999998890e-01 2.000000000000000111e-01 8.000000000000000444e-01 9.000000000000000222e-01
-3.650000000000001021e-01 2.000000000000000111e-01 8.000000000000000444e-01 9.000000000000000222e-01
-3.549999999999998712e-01 2.000000000000000111e-01 8.000000000000000444e-01 9.000000000000000222e-01
-3.450000000000000844e-01 2.000000000000000111e-01 8.000000000000000444e-01 9.000000000000000222e-01
-3.349999999999998535e-01 2.000000000000000111e-01 8.000000000000000444e-01 9.000000000000000222e-01
-3.250000000000000666e-01 2.000000000000000111e-01 8.000000000000000444e-01 9.000000000000000222e-01
-3.149999999999998357e-01 2.000000000000000111e-01 8.000000000000000444e-01 9.000000000000000222e-01
-3.050000000000000488e-01 2.000000000000000111e-01 8.000000000000000444e-01 9.000000000000000222e-01
-2.949999999999998179e-01 2.000000000000000111e-01 8.000000000000000444e-01 9.000000000000000222e-01
-2.850000000000000311e-01 2.000000000000000111e-01 8.000000000000000444e-01 9.000000000000000222e-01
-2.749999999999998002e-01 2.000000000000000111e-01 8.000000000000000444e-01 9.000000000000000222e-01
-2.650000000000000133e-01 2.000000000000000111e-01 8.000000000000000444e-01 9.000000000000000222e-01
-2.549999999999997824e-01 2.000000000000000111e-01 8.000000000000000444e-01 9.000000000000000222e-01
-2.449999999999999956e-01 2.000000000000000111e-01 8.000000000000000444e-01 9.000000000000000222e-01
-2.349999999999997646e-01 2.000000000000000111e-01 8.000000000000000444e-01 9.000000000000000222e-01
-2.249999999999999778e-01 2.000000000000000111e-01 8.000000000000000444e-01 9.000000000000000222e-01
-2.149999999999997469e-01 2.000000000000000111e-01 8.000000000000000444e-01 9.000000000000000222e-01
-2.049999999999999600e-01 2.000000000000000111e-01 8.000000000000000444e-01 9.000000000000000222e-01
-1.949999999999997291e-01 2.000000000000000111e-01 8.000000000000000444e-01 9.000000000000000222e-01
-1.849999999999999423e-01 2.000000000000000111e-01 8.000000000000000444e-01 9.000000000000000222e-01
-1.750000000000001554e-01 2.000000000000000111e-01 8.000000000000000444e-01 9.000000000000000222e-01
-1.649999999999999245e-01 2.000000000000000111e-01 8.000000000000000444e-01 9.000000000000000222e-01
-1.550000000000001377e-01 2.000000000000000111e-01 8.000000000000000444e-01 9.000000000000000222e-01
-1.449999999999999067e-01 2.000000000000000111e-01 8.000000000000000444e-01 9.000000000000000222e-01
-1.350000000000001199e-01 2.000000000000000111e-01 8.000000000000000444e-01 9.000000000000000222e-01
-1.249999999999998890e-01 2.000000000000000111e-01 8.000000000000000444e-01 9.000000000000000222e-01
-1.150000000000001021e-01 2.000000000000000111e-01 8.000000000000000444e-01 9.000000000000000222e-01
-1.049999999999998712e-01 2.000000000000000111e-01 8.000000000000000444e-01 9.000000000000000222e-01
-9.500000000000008438e-02 2.000000000000000111e-01 8.000000000000000444e-01 9.000000000000000222e-01
-8.499999999999985345e-02 2.000000000000000111e-01 8.000000000000000444e-01 9.000000000000000222e-01
-7.500000000000006661e-02 2.000000000000000111e-01 8.000000000000000444e-01 9.000000000000000222e-01
-6.499999999999983569e-02 2.000000000000000111e-01 8.000000000000000444e-01 9.000000000000000222e-01
-5.500000000000005579e-02 2.000000000000000111e-01 8.000000000000000444e-01 9.000000000000000222e-01
-4.499999999999982486e-02 2.000000000000000111e-01 8.000000000000000444e-01 9.000000000000000222e-01
-3.500000000000003803e-02 2.000000000000000111e-01 8.000000000000000444e-01 9.000000000000000222e-01
-2.499999999999980363e-02 2.000000000000000111e-01 8.000000000000000444e-01 9.000000000000000222e-01
-1.500000000000001679e-02 2.000000000000000111e-01 8.000000000000000444e-01 9.000000000000000222e-01
-4.999999999999786733e-03 2.000000000000000111e-01 8.000000000000000444e-01 9.000000000000000222e-01
5.000000000000000104e-03 2.000000000000000389e-01 7.999999999999998224e-01 9.000000000000004663e-01
1.500000000000023190e-02 2.000000000000000666e-01 7.999999999999998224e-01 9.000000000000006883e-01
2.500000000000001874e-02 2.000000000000000666e-01 7.999999999999999334e-01 9.000000000000009104e-01
3.500000000000024619e-02 2.000000000000000944e-01 7.999999999999998224e-01 9.000000000000012434e-01
4.500000000000003303e-02 2.000000000000001221e-01 7.999999999999998224e-01 9.000000000000014655e-01
5.500000000000026396e-02 2.000000000000001499e-01 7.999999999999997113e-01 9.000000000000017986e-01
6.500000000000005773e-02 2.000000000000001776e-01 7.999999999999997113e-01 9.000000000000021316e-01
7.500000000000028866e-02 2.000000000000001776e-01 7.999999999999997113e-01 9.000000000000023537e-01
8.500000000000007550e-02 2.000000000000001776e-01 7.999999999999998224e-01 9.000000000000024647e-01
9.499999999999986233e-02 2.000000000000001776e-01 7.999999999999998224e-01 9.000000000000027978e-01
1.050000000000000933e-01 2.000000000000001776e-01 7.999999999999997113e-01 9.000000000000030198e-01
1.149999999999998801e-01 2.000000000000002054e-01 7.999999999999997113e-01 9.000000000000033529e-01
1.250000000000001110e-01 2.000000000000002054e-01 7.999999999999996003e-01 9.000000000000037970e-01
1.349999999999998979e-01 2.000000000000002331e-01 7.999999999999996003e-01 9.000000000000040190e-01
1.450000000000001288e-01 2.000000000000002331e-01 7.999999999999993783e-01 9.000000000000045741e-01
1.549999999999999156e-01 2.000000000000002331e-01 7.999999999999992673e-01 9.000000000000050182e-01
1.650000000000001465e-01 2.000000000000002331e-01 7.999999999999994893e-01 9.000000000000049072e-01
1.749999999999999334e-01 2.000000000000002331e-01 7.999999999999993783e-01 9.000000000000052403e-01
1.850000000000001643e-01 2.000000000000002331e-01 7.999999999999997113e-01 9.000000000000051292e-01
1.949999999999999512e-01 2.000000000000002609e-01 7.999999999999994893e-01 9.000000000000056843e-01
2.050000000000001821e-01 2.000000000000002887e-01 7.999999999999997113e-01 9.000000000000056843e-01
2.149999999999999689e-01 2.000000000000002887e-01 7.999999999999997113e-01 9.000000000000060174e-01
2.250000000000001998e-01 2.000000000000003164e-01 7.999999999999998224e-01 9.000000000000061284e-01
2.349999999999999867e-01 2.000000000000003164e-01 7.999999999999998224e-01 9.000000000000064615e-01
2.450000000000002176e-01 2.000000000000003442e-01 7.999999999999999334e-01 9.000000000000065725e-01
2.550000000000000044e-01 2.000000000000003164e-01 8.000000000000000444e-01 9.000000000000066835e-01
2.650000000000002354e-01 2.000000000000002887e-01 8.000000000000002665e-01 9.000000000000067946e-01
2.750000000000000222e-01 2.000000000000003164e-01 8.000000000000002665e-01 9.000000000000070166e-01
2.850000000000002531e-01 2.000000000000003164e-01 8.000000000000003775e-01 9.000000000000072387e-01
2.950000000000000400e-01 2.000000000000003442e-01 8.000000000000002665e-01 9.000000000000075717e-01
3.050000000000002709e-01 2.000000000000003719e-01 8.000000000000004885e-01 9.000000000000075717e-01
3.150000000000000577e-01 2.000000000000003719e-01 8.000000000000007105e-01 9.000000000000076827e-01
3.250000000000002887e-01 2.000000000000003997e-01 8.000000000000004885e-01 9.000000000000081268e-01
3.350000000000000755e-01 2.000000000000003997e-01 8.000000000000005995e-01 9.000000000000081268e-01
3.449999999999998623e-01 2.000000000000003997e-01 8.000000000000008216e-01 9.000000000000082379e-01
3.550000000000000933e-01 2.000000000000003997e-01 8.000000000000008216e-01 9.000000000000084599e-01
3.649999999999998801e-01 2.000000000000003997e-01 8.000000000000009326e-01 9.000000000000086819e-01
3.750000000000001110e-01 2.000000000000004274e-01 8.000000000000008216e-01 9.000000000000090150e-01
3.849999999999998979e-01 2.000000000000004552e-01 8.000000000000008216e-01 9.000000000000093481e-01
3.950000000000001288e-01 2.000000000000004552e-01 8.000000000000008216e-01 9.000000000000095701e-01
4.049999999999999156e-01 2.000000000000004552e-01 8.000000000000009326e-01 9.000000000000096811e-01
4.150000000000001465e-01 2.000000000000004552e-01 8.000000000000009326e-01 9.000000000000100142e-01
4.249999999999999334e-01 2.000000000000004552e-01 8.000000000000008216e-01 9.000000000000102363e-01
4.350000000000001643e-01 2.000000000000004829e-01 8.000000000000008216e-01 9.000000000000105693e-01
4.449999999999999512e-01 2.000000000000004552e-01 8.000000000000008216e-01 9.000000000000109024e-01
4.550000000000001821e-01 2.000000000000004552e-01 8.000000000000009326e-01 9.000000000000107914e-01
4.649999999999999689e-01 2.000000000000004552e-01 8.000000000000011546e-01 9.000000000000109024e-01
4.750000000000001998e-01 2.000000000000004552e-01 8.000000000000012657e-01 9.000000000000107914e-01
4.849999999999999867e-01 2.000000000000004829e-01 8.000000000000014877e-01 9.000000000000107914e-01
4.950000000000002176e-01 2.000000000000004829e-01 8.000000000000013767e-01 9.000000000000112355e-01
5.050000000000000044e-01 2.000000000000005107e-01 8.000000000000014877e-01 9.000000000000113465e-01
5.150000000000002354e-01 2.000000000000004552e-01 8.000000000000017097e-01 9.000000000000113465e-01
5.250000000000000222e-01 2.000000000000004552e-01 8.000000000000020428e-01 9.000000000000112355e-01
5.350000000000002531e-01 2.000000000000004552e-01 8.000000000000019318e-01 9.000000000000115685e-01
5.450000000000000400e-01 2.000000000000004552e-01 8.000000000000018208e-01 9.000000000000119016e-01
5.550000000000002709e-01 2.000000000000004829e-01 8.000000000000017097e-01 9.000000000000123457e-01
5.650000000000000577e-01 2.000000000000004829e-01 8.000000000000017097e-01 9.000000000000126787e-01
5.750000000000002887e-01 2.000000000000005107e-01 8.000000000000017097e-01 9.000000000000129008e-01
5.850000000000000755e-01 2.000000000000005107e-01 8.000000000000014877e-01 9.000000000000134559e-01
5.949999999999998623e-01 2.000000000000005385e-01 8.000000000000014877e-01 9.000000000000136779e-01
6.050000000000000933e-01 2.000000000000005385e-01 8.000000000000014877e-01 9.000000000000140110e-01
6.149999999999998801e-01 2.000000000000005662e-01 8.000000000000013767e-01 9.000000000000143441e-01
6.250000000000001110e-01 2.000000000000005940e-01 8.000000000000013767e-01 9.000000000000146771e-01
6.349999999999998979e-01 2.000000000000005662e-01 8.000000000000012657e-01 9.000000000000151212e-01
6.450000000000001288e-01 2.000000000000005662e-01 8.000000000000015987e-01 9.000000000000150102e-01
6.549999999999999156e-01 2.000000000000005940e-01 8.000000000000015987e-01 9.000000000000152323e-01
6.650000000000001465e-01 2.000000000000005662e-01 8.000000000000014877e-01 9.000000000000155653e-01
6.749999999999999334e-01 2.000000000000005940e-01 8.000000000000017097e-01 9.000000000000155653e-01
6.850000000000001643e-01 2.000000000000005662e-01 8.000000000000018208e-01 9.000000000000155653e-01
6.949999999999999512e-01 2.000000000000005385e-01 8.000000000000018208e-01 9.000000000000156763e-01
7.050000000000001821e-01 2.000000000000005662e-01 8.000000000000019318e-01 9.000000000000158984e-01
7.149999999999999689e-01 2.000000000000005662e-01 8.000000000000019318e-01 9.000000000000161204e-01
7.250000000000001998e-01 2.000000000000005662e-01 8.000000000000022649e-01 9.000000000000160094e-01
7.349999999999999867e-01 2.000000000000005662e-01 8.000000000000021538e-01 9.000000000000163425e-01
7.450000000000002176e-01 2.000000000000006217e-01 8.000000000000021538e-01 9.000000000000165645e-01
7.550000000000000044e-01 2.000000000000006217e-01 8.000000000000021538e-01 9.000000000000168976e-01
7.650000000000002354e-01 2.000000000000006495e-01 8.000000000000022649e-01 9.000000000000170086e-01
7.750000000000000222e-01 2.000000000000006217e-01 8.000000000000021538e-01 9.000000000000174527e-01
7.850000000000002531e-01 2.000000000000006495e-01 8.000000000000022649e-01 9.000000000000175637e-01
7.950000000000000400e-01 2.000000000000006495e-01 8.000000000000021538e-01 9.000000000000180078e-01
8.050000000000002709e-01 2.000000000000006772e-01 8.000000000000020428e-01 9.000000000000183409e-01
8.150000000000000577e-01 2.000000000000006772e-01 8.000000000000020428e-01 9.000000000000186740e-01
8.250000000000002887e-01 2.000000000000007050e-01 8.000000000000019318e-01 9.000000000000190070e-01
8.350000000000000755e-01 2.000000000000007327e-01 8.000000000000019318e-01 9.000000000000193401e-01
8.449999999999998623e-01 2.000000000000007327e-01 8.000000000000019318e-01 9.000000000000195621e-01
8.550000000000000933e-01 2.000000000000007327e-01 8.000000000000020428e-01 9.000000000000196732e-01
8.649999999999998801e-01 2.000000000000007327e-01 8.000000000000019318e-01 9.000000000000201172e-01
8.750000000000001110e-01 2.000000000000007327e-01 8.000000000000021538e-01 9.000000000000202283e-01
8.849999999999998979e-01 2.000000000000007605e-01 8.000000000000021538e-01 9.000000000000204503e-01
8.950000000000001288e-01 2.000000000000007050e-01 8.000000000000020428e-01 9.000000000000208944e-01
9.049999999999999156e-01 2.000000000000007050e-01 8.000000000000022649e-01 9.000000000000207834e-01
9.150000000000001465e-01 2.000000000000007605e-01 8.000000000000020428e-01 9.000000000000212275e-01
9.249999999999999334e-01 2.000000000000007327e-01 8.000000000000019318e-01 9.000000000000216716e-01
9.350000000000001643e-01 2.000000000000007605e-01 8.000000000000021538e-01 9.000000000000216716e-01
9.449999999999999512e-01 2.000000000000007605e-01 8.000000000000020428e-01 9.000000000000221156e-01
9.550000000000001821e-01 2.000000000000007883e-01 8.000000000000020428e-01 9.000000000000223377e-01
9.649999999999999689e-01 2.000000000000007883e-01 8.000000000000019318e-01 9.000000000000227818e-01
9.750000000000001998e-01 2.000000000000008160e-01 8.000000000000020428e-01 9.000000000000228928e-01
9.849999999999999867e-01 2.000000000000007883e-01 8.000000000000022649e-01 9.000000000000242251e-01
9.950000000000002176e-01 2.000000000000007605e-01 8.000000000000020428e-01 9.000000000000287770e-01
1.004999999999999893e+00 2.000000000000007883e-01 8.000000000000015987e-01 9.000000000000392131e-01
1.014999999999999680e+00 2.000000000000007883e-01 8.000000000000012657e-01 9.000000000000619726e-01
1.025000000000000355e+00 2.000000000000008160e-01 8.000000000000004885e-01 9.000000000001144862e-01
1.035000000000000142e+00 2.000000000000009825e-01 7.999999999999984901e-01 9.000000000002311706e-01
1.044999999999999929e+00 2.000000000000013989e-01 7.999999999999944933e-01 9.000000000004867440e-01
1.054999999999999716e+00 2.000000000000023426e-01 7.999999999999858336e-01 9.000000000010427437e-01
1.065000000000000391e+00 2.000000000000045075e-01 7.999999999999664047e-01 9.000000000022421176e-01
1.075000000000000178e+00 2.000000000000092537e-01 7.999999999999255484e-01 9.000000000048081761e-01
1.084999999999999964e+00 2.000000000000197731e-01 7.999999999998376188e-01 9.000000000102560405e-01
1.094999999999999751e+00 2.000000000000426437e-01 7.999999999996507682e-01 9.000000000217357465e-01
1.104999999999999538e+00 2.000000000000920763e-01 7.999999999992573052e-01 9.000000000457485383e-01
1.115000000000000213e+00 2.000000000001982692e-01 7.999999999984349630e-01 9.000000000956215329e-01
1.125000000000000000e+00 2.000000000004248379e-01 7.999999999967273290e-01 9.000000001984928000e-01
1.134999999999999787e+00 2.000000000009052870e-01 7.999999999932021488e-01 9.000000004092588712e-01
1.144999999999999574e+00 2.000000000019184487e-01 7.999999999859673805e-01 9.000000008382598171e-01
1.155000000000000249e+00 2.000000000040429438e-01 7.999999999712036347e-01 9.000000017059044399e-01
1.165000000000000036e+00 2.000000000084742047e-01 7.999999999412404916e-01 9.000000034498171209e-01
1.174999999999999822e+00 2.000000000176692661e-01 7.999999998807458823e-01 9.000000069338193187e-01
1.184999999999999609e+00 2.000000000366557729e-01 7.999999997592178724e-01 9.000000138532683325e-01
1.195000000000000284e+00 2.000000000756751994e-01 7.999999995162360156e-01 9.000000275170125796e-01
1.205000000000000071e+00 2.000000001555026496e-01 7.999999990326075450e-01 9.000000543478984261e-01
1.214999999999999858e+00 2.000000003181122976e-01 7.999999980740988281e-01 9.000001067471639082e-01
1.224999999999999645e+00 2.000000006479865089e-01 7.999999961820594141e-01 9.000002085343429270e-01
1.235000000000000320e+00 2.000000013145493694e-01 7.999999924614169533e-01 9.000004052258908649e-01
1.245000000000000107e+00 2.000000026564031641e-01 7.999999851708227139e-01 9.000007833578843597e-01
1.254999999999999893e+00 2.000000053480548434e-01 7.999999709322074271e-01 9.000015066253085338e-01
1.264999999999999680e+00 2.000000107289863771e-01 7.999999432096138730e-01 9.000028831241932981e-01
1.275000000000000355e+00 2.000000214514231767e-01 7.999998893874157302e-01 9.000054898040034113e-01
1.285000000000000142e+00 2.000000427522352076e-01 7.999997851679593319e-01 9.000104015482549569e-01
1.294999999999999929e+00 2.000000849443225315e-01 7.999995838456182007e-01 9.000196104398608954e-01
1.304999999999999716e+00 2.000001682854324059e-01 7.999991957991572367e-01 9.000367884690614328e-01
1.315000000000000391e+00 2.000003324716650988e-01 7.999984493292605636e-01 9.000686660138742523e-01
1.325000000000000178e+00 2.000006551068430616e-01 7.999970159568441375e-01 9.001275056027296939e-01
1.334999999999999964e+00 2.000012875501109288e-01 7.999942680976731557e-01 9.002355063594008611e-01
1.344999999999999751e+00 2.000025243128638053e-01 7.999890082724355755e-01 9.004325763530370841e-01
1.355000000000000426e+00 2.000049369829550172e-01 7.999789548844992160e-01 9.007899077854435443e-01
1.365000000000000213e+00 2.000096316013736386e-01 7.999597686427930565e-01 9.014334014070897183e-01
1.375000000000000000e+00 2.000187403078530768e-01 7.999232185013480656e-01 9.025834974196814686e-01
1.384999999999999787e+00 2.000363516951580711e-01 7.998537564008396661e-01 9.046216807874742916e-01
1.394999999999999574e+00 2.000702445762260195e-01 7.997222165634653157e-01 9.081989621828251424e-01
1.405000000000000249e+00 2.001350370863296535e-01 7.994745302848438318e-01 9.144074308497566195e-01
1.415000000000000036e+00 2.002576607653165086e-01 7.990124463956554957e-01 9.250401719839512760e-01
1.424999999999999822e+00 2.004861693410707468e-01 7.981633109423723615e-01 9.429612274755359014e-01
1.434999999999999609e+00 2.009020163341765641e-01 7.966400552623705833e-01 9.725830528408955233e-01
1.445000000000000284e+00 2.016325339470372568e-01 7.940064300905202987e-01 1.020384001050673506e+00
1.455000000000000071e+00 2.028532795603260608e-01 7.896891659689410092e-01 1.095275378500259134e+00
1.464999999999999858e+00 2.047633809207708155e-01 7.830979483031241806e-01 1.208465969073460489e+00
1.474999999999999645e+00 2.075253524323061038e-01 7.738671059947007658e-01 1.372378555188936922e+00
1.485000000000000320e+00 2.111937183243475236e-01 7.620953104590415528e-01 1.598331752903155545e+00
1.495000000000000107e+00 2.156846370614721176e-01 7.483778651516347358e-01 1.893197746253659108e+00
1.504999999999999893e+00 2.208137204804084264e-01 7.335781581742877311e-01 2.255859758198430765e+00
1.514999999999999680e+00 2.263714074146618016e-01 7.185174778549954233e-01 2.674605814283612659e+00
1.525000000000000355e+00 2.321853379635612502e-01 7.037804569178387482e-01 3.126399537117695804e+00
1.535000000000000142e+00 2.381473654611988011e-01 6.896773233829825989e-01 3.578417359142261223e+00
1.544999999999999929e+00 2.442131467882910356e-01 6.762955824431623464e-01 3.991626816424036495e+00
1.554999999999999716e+00 2.503906169897874290e-01 6.635710278982643873e-01 4.325718789917794460e+00
1.565000000000000391e+00 2.567285513108217843e-01 6.513445185301742768e-01 4.544492083212579914e+00
1.575000000000000178e+00 2.633099874211504710e-01 6.393979712681993055e-01 4.620813836072126257e+00
1.584999999999999964e+00 2.702517751506338661e-01 6.274735115536647090e-01 4.540462891638375353e+00
1.594999999999999751e+00 2.777105427618323796e-01 6.152811437475598222e-01 4.304396991995119492e+00
1.605000000000000426e+00 2.858956977104583630e-01 6.024989850788164958e-01 3.929187227833944807e+00
1.615000000000000213e+00 2.950908342737450507e-01 5.887691534444211561e-01 3.445514764452314083e+00
1.625000000000000000e+00 3.056852352603621203e-01 5.736935413673494022e-01 2.894764872278513312e+00
1.634999999999999787e+00 3.182149351705452767e-01 5.568392622384246149e-01 2.323944641824133850e+00
1.644999999999999574e+00 3.334016148953506398e-01 5.377780265492035916e-01 1.779430505491432335e+00
1.655000000000000249e+00 3.521396357210651029e-01 5.162131671148328937e-01 1.300394012393619292e+00
1.665000000000000036e+00 3.752814982932716203e-01 4.922855419439793323e-01 9.130723355080888615e-01
1.674999999999999822e+00 4.029122721627397263e-01 4.671123266345472147e-01 6.272407533462519558e-01
1.684999999999999609e+00 4.329539488709646666e-01 4.432501679123334037e-01 4.362021903882888907e-01
1.695000000000000284e+00 4.604348907197032825e-01 4.240667923117971694e-01 3.210363193400906923e-01
1.705000000000000071e+00 4.802465477732882349e-01 4.115552320719547130e-01 2.581259532565355896e-01
1.714999999999999858e+00 4.914046420661094539e-01 4.049311668374875328e-01 2.265316632147963971e-01
1.724999999999999645e+00 4.965771706858839729e-01 4.019512778286952748e-01 2.116600358254502878e-01
1.735000000000000320e+00 4.987003411003981812e-01 4.007413505293765388e-01 2.049824391721938588e-01
1.745000000000000107e+00 4.995176640370674881e-01 4.002762420009205457e-01 2.020844609975525341e-01
1.754999999999999893e+00 4.998228441152740564e-01 4.001020569860420650e-01 2.008579015943121049e-01
1.764999999999999680e+00 4.999352392086052754e-01 4.000375726547930610e-01 2.003485278249728385e-01
1.775000000000000355e+00 4.999763799053362767e-01 4.000138143747883901e-01 2.001401033821520736e-01
1.785000000000000142e+00 4.999913958962844962e-01 4.000050771246568826e-01 2.000558278150630920e-01
1.794999999999999929e+00 4.999968684316438705e-01 4.000018658986387865e-01 2.000220817582850363e-01
1.804999999999999716e+00 4.999988610133743738e-01 4.000006857991377784e-01 2.000086786848997711e-01
1.815000000000000391e+00 4.999995860010607029e-01 4.000002520910501125e-01 2.000033921155209560e-01
1.825000000000000178e+00 4.999998496134780979e-01 4.000000926755197805e-01 2.000013193834430658e-01
1.834999999999999964e+00 4.999999454059292914e-01 4.000000340728079307e-01 2.000005109611408816e-01
1.844999999999999751e+00 4.999999801936879651e-01 4.000000125276923502e-01 2.000001971114818144e-01
1.855000000000000426e+00 4.999999928191368181e-01 4.000000046061483738e-01 2.000000757706491827e-01
1.865000000000000213e+00 4.999999973983000889e-01 4.000000016935226221e-01 2.000000290326551800e-01
1.875000000000000000e+00 4.999999990580291098e-01 4.000000006226046567e-01 2.000000110912287798e-01
1.884999999999999787e+00 4.999999996591925622e-01 4.000000002288672807e-01 2.000000042254500843e-01
1.894999999999999574e+00 4.999999998767848952e-01 4.000000000841174019e-01 2.000000016056308894e-01
1.905000000000000249e+00 4.999999999554863850e-01 4.000000000309100745e-01 2.000000006086463111e-01
1.915000000000000036e+00 4.999999999839309095e-01 4.000000000113557164e-01 2.000000002301908775e-01
1.924999999999999822e+00 4.999999999942037476e-01 4.000000000041706305e-01 2.000000000868688288e-01
1.934999999999999609e+00 4.999999999979110044e-01 4.000000000015312973e-01 2.000000000327140925e-01
1.945000000000000284e+00 4.999999999992478239e-01 4.000000000005620171e-01 2.000000000122952315e-01
1.955000000000000071e+00 4.999999999997294386e-01 4.000000000002062461e-01 2.000000000046120996e-01
1.964999999999999858e+00 4.999999999999027445e-01 4.000000000000755174e-01 2.000000000017268520e-01
1.974999999999999645e+00 4.999999999999650835e-01 4.000000000000278333e-01 2.000000000006453005e-01
1.985000000000000320e+00 4.999999999999875100e-01 4.000000000000101807e-01 2.000000000002407630e-01
1.995000000000000107e+00 4.999999999999955591e-01 4.000000000000037970e-01 2.000000000000896616e-01
2.004999999999999893e+00 4.999999999999983347e-01 4.000000000000015210e-01 2.000000000000333455e-01
2.014999999999999680e+00 4.999999999999994449e-01 4.000000000000005773e-01 2.000000000000124178e-01
2.025000000000000355e+00 4.999999999999996669e-01 4.000000000000003553e-01 2.000000000000046740e-01
2.035000000000000142e+00 4.999999999999997224e-01 4.000000000000002442e-01 2.000000000000018430e-01
2.044999999999999929e+00 4.999999999999998890e-01 4.000000000000001332e-01 2.000000000000007605e-01
2.054999999999999716e+00 5.000000000000000000e-01 4.000000000000000777e-01 2.000000000000003164e-01
2.065000000000000391e+00 5.000000000000000000e-01 3.999999999999999667e-01 2.000000000000001221e-01
2.075000000000000178e+00 5.000000000000000000e-01 4.000000000000000777e-01 2.000000000000000111e-01
2.084999999999999964e+00 5.000000000000000000e-01 4.000000000000000777e-01 2.000000000000000111e-01
2.094999999999999751e+00 5.000000000000000000e-01 4.000000000000000777e-01 2.000000000000000111e-01
2.105000000000000426e+00 5.000000000000000000e-01 4.000000000000000777e-01 2.000000000000000111e-01
2.115000000000000213e+00 5.000000000000000000e-01 4.000000000000000777e-01 2.000000000000000111e-01
2.125000000000000000e+00 5.000000000000000000e-01 4.000000000000000777e-01 2.000000000000000111e-01
2.134999999999999787e+00 5.000000000000000000e-01 4.000000000000000777e-01 2.000000000000000111e-01
2.144999999999999574e+00 5.000000000000000000e-01 4.000000000000000777e-01 2.000000000000000111e-01
2.155000000000000249e+00 5.000000000000000000e-01 4.000000000000000777e-01 2.000000000000000111e-01
2.165000000000000036e+00 5.000000000000000000e-01 4.000000000000000777e-01 2.000000000000000111e-01
2.174999999999999822e+00 5.000000000000000000e-01 4.000000000000000777e-01 2.000000000000000111e-01
2.184999999999999609e+00 5.000000000000000000e-01 4.000000000000000777e-01 2.000000000000000111e-01
2.195000000000000284e+00 5.000000000000000000e-01 4.000000000000000777e-01 2.000000000000000111e-01
2.205000000000000071e+00 5.000000000000000000e-01 4.000000000000000777e-01 2.000000000000000111e-01
2.214999999999999858e+00 5.000000000000000000e-01 4.000000000000000777e-01 2.000000000000000111e-01
2.224999999999999645e+00 5.000000000000000000e-01 4.000000000000000777e-01 2.000000000000000111e-01
2.235000000000000320e+00 5.000000000000000000e-01 4.000000000000000777e-01 2.000000000000000111e-01
2.245000000000000107e+00 5.000000000000000000e-01 4.000000000000000777e-01 2.000000000000000111e-01
2.254999999999999893e+00 5.000000000000000000e-01 4.000000000000000777e-01 2.000000000000000111e-01
2.264999999999999680e+00 5.000000000000000000e-01 4.000000000000000777e-01 2.000000000000000111e-01
2.275000000000000355e+00 5.000000000000000000e-01 4.000000000000000777e-01 2.000000000000000111e-01
2.285000000000000142e+00 5.000000000000000000e-01 4.000000000000000777e-01 2.000000000000000111e-01
2.294999999999999929e+00 5.000000000000000000e-01 4.000000000000000777e-01 2.000000000000000111e-01
2.304999999999999716e+00 5.000000000000000000e-01 4.000000000000000777e-01 2.000000000000000111e-01
2.315000000000000391e+00 5.000000000000000000e-01 4.000000000000000777e-01 2.000000000000000111e-01
2.325000000000000178e+00 5.000000000000000000e-01 4.000000000000000777e-01 2.000000000000000111e-01
2.334999999999999964e+00 5.000000000000000000e-01 4.000000000000000777e-01 2.000000000000000111e-01
2.344999999999999751e+00 5.000000000000000000e-01 4.000000000000000777e-01 2.000000000000000111e-01
2.355000000000000426e+00 5.000000000000000000e-01 4.000000000000000777e-01 2.000000000000000111e-01
2.365000000000000213e+00 5.000000000000000000e-01 4.000000000000000777e-01 2.000000000000000111e-01
2.375000000000000000e+00 5.000000000000000000e-01 4.000000000000000777e-01 2.000000000000000111e-01
2.384999999999999787e+00 5.000000000000000000e-01 4.000000000000000777e-01 2.000000000000000111e-01
2.394999999999999574e+00 5.000000000000000000e-01 4.000000000000000777e-01 2.000000000000000111e-01
2.405000000000000249e+00 5.000000000000000000e-01 4.000000000000000777e-01 2.000000000000000111e-01
2.415000000000000036e+00 5.000000000000000000e-01 4.000000000000000777e-01 2.000000000000000111e-01
2.424999999999999822e+00 5.000000000000000000e-01 4.000000000000000777e-01 2.000000000000000111e-01
2.434999999999999609e+00 5.000000000000000000e-01 4.000000000000000777e-01 2.000000000000000111e-01
2.445000000000000284e+00 5.000000000000000000e-01 4.000000000000000777e-01 2.000000000000000111e-01
2.455000000000000071e+00 5.000000000000000000e-01 4.000000000000000777e-01 2.000000000000000111e-01
2.464999999999999858e+00 5.000000000000000000e-01 4.000000000000000777e-01 2.000000000000000111e-01
2.474999999999999645e+00 5.000000000000000000e-01 4.000000000000000777e-01 2.000000000000000111e-01
2.485000000000000320e+00 5.000000000000000000e-01 4.000000000000000777e-01 2.000000000000000111e-01
2.495000000000000107e+00 5.000000000000000000e-01 4.000000000000000777e-01 2.000000000000000111e-01
2.504999999999999893e+00 5.000000000000000000e-01 4.000000000000000777e-01 2.000000000000000111e-01
2.514999999999999680e+00 5.000000000000000000e-01 4.000000000000000777e-01 2.000000000000000111e-01
2.525000000000000355e+00 5.000000000000000000e-01 4.000000000000000777e-01 2.000000000000000111e-01
2.535000000000000142e+00 5.000000000000000000e-01 4.000000000000000777e-01 2.000000000000000111e-01
2.544999999999999929e+00 5.000000000000000000e-01 4.000000000000000777e-01 2.000000000000000111e-01
2.554999999999999716e+00 5.000000000000000000e-01 4.000000000000000777e-01 2.000000000000000111e-01
2.565000000000000391e+00 5.000000000000000000e-01 4.000000000000000777e-01 2.000000000000000111e-01
2.575000000000000178e+00 5.000000000000000000e-01 4.000000000000000777e-01 2.000000000000000111e-01
2.584999999999999964e+00 5.000000000000000000e-01 4.000000000000000777e-01 2.000000000000000111e-01
2.594999999999999751e+00 5.000000000000000000e-01 4.000000000000000777e-01 2.000000000000000111e-01
2.605000000000000426e+00 5.000000000000000000e-01 4.000000000000000777e-01 2.000000000000000111e-01
2.615000000000000213e+00 5.000000000000000000e-01 4.000000000000000777e-01 2.000000000000000111e-01
2.625000000000000000e+00 5.000000000000000000e-01 4.000000000000000777e-01 2.000000000000000111e-01
2.634999999999999787e+00 5.000000000000000000e-01 4.000000000000000777e-01 2.000000000000000111e-01
2.644999999999999574e+00 5.000000000000000000e-01 4.000000000000000777e-01 2.000000000000000111e-01
2.655000000000000249e+00 5.000000000000000000e-01 4.000000000000000777e-01 2.000000000000000111e-01
2.665000000000000036e+00 5.000000000000000000e-01 4.000000000000000777e-01 2.000000000000000111e-01
2.674999999999999822e+00 5.000000000000000000e-01 4.000000000000000777e-01 2.000000000000000111e-01
2.684999999999999609e+00 5.000000000000000000e-01 4.000000000000000777e-01 2.000000000000000111e-01
2.695000000000000284e+00 5.000000000000000000e-01 4.000000000000000777e-01 2.000000000000000111e-01
2.705000000000000071e+00 5.000000000000000000e-01 4.000000000000000777e-01 2.000000000000000111e-01
2.714999999999999858e+00 5.000000000000000000e-01 4.000000000000000777e-01 2.000000000000000111e-01
2.724999999999999645e+00 5.000000000000000000e-01 4.000000000000000777e-01 2.000000000000000111e-01
2.735000000000000320e+00 5.000000000000000000e-01 4.000000000000000777e-01 2.000000000000000111e-01
2.745000000000000107e+00 5.000000000000000000e-01 4.000000000000000777e-01 2.000000000000000111e-01
2.754999999999999893e+00 5.000000000000000000e-01 4.000000000000000777e-01 2.000000000000000111e-01
2.764999999999999680e+00 5.000000000000000000e-01 4.000000000000000777e-01 2.000000000000000111e-01
2.775000000000000355e+00 5.000000000000000000e-01 4.000000000000000777e-01 2.000000000000000111e-01
2.785000000000000142e+00 5.000000000000000000e-01 4.000000000000000777e-01 2.000000000000000111e-01
2.794999999999999929e+00 5.000000000000000000e-01 4.000000000000000777e-01 2.000000000000000111e-01
2.804999999999999716e+00 5.000000000000000000e-01 4.000000000000000777e-01 2.000000000000000111e-01
2.815000000000000391e+00 5.000000000000000000e-01 4.000000000000000777e-01 2.000000000000000111e-01
2.825000000000000178e+00 5.000000000000000000e-01 4.000000000000000777e-01 2.000000000000000111e-01
2.834999999999999964e+00 5.000000000000000000e-01 4.000000000000000777e-01 2.000000000000000111e-01
2.844999999999999751e+00 5.000000000000000000e-01 4.000000000000000777e-01 2.000000000000000111e-01
2.855000000000000426e+00 5.000000000000000000e-01 4.000000000000000777e-01 2.000000000000000111e-01
2.865000000000000213e+00 5.000000000000000000e-01 4.000000000000000777e-01 2.000000000000000111e-01
2.875000000000000000e+00 5.000000000000000000e-01 4.000000000000000777e-01 2.000000000000000111e-01
2.884999999999999787e+00 5.000000000000000000e-01 4.000000000000000777e-01 2.000000000000000111e-01
2.894999999999999574e+00 5.000000000000000000e-01 4.000000000000000777e-01 2.000000000000000111e-01
2.905000000000000249e+00 5.000000000000000000e-01 4.000000000000000777e-01 2.000000000000000111e-01
2.915000000000000036e+00 5.000000000000000000e-01 4.000000000000000777e-01 2.000000000000000111e-01
2.924999999999999822e+00 5.000000000000000000e-01 4.000000000000000777e-01 2.000000000000000111e-01
2.934999999999999609e+00 5.000000000000000000e-01 4.000000000000000777e-01 2.000000000000000111e-01
2.945000000000000284e+00 5.000000000000000000e-01 4.000000000000000777e-01 2.000000000000000111e-01
2.955000000000000071e+00 5.000000000000000000e-01 4.000000000000000777e-01 2.000000000000000111e-01
2.964999999999999858e+00 5.000000000000000000e-01 4.000000000000000777e-01 2.000000000000000111e-01
2.974999999999999645e+00 5.000000000000000000e-01 4.000000000000000777e-01 2.000000000000000111e-01
2.985000000000000320e+00 5.000000000000000000e-01 4.000000000000000777e-01 2.000000000000000111e-01
2.995000000000000107e+00 5.000000000000000000e-01 4.000000000000000777e-01 2.000000000000000111e-01
