-2.995000000000000107e+00 2.000000000000000111e-01 8.000000000000000444e-01 9.000000000000000222e-01
-2.985000000000000320e+00 2.000000000000000111e-01 8.000000000000000444e-01 9.000000000000000222e-01
-2.975000000000000089e+00 2.000000000000000111e-01 8.000000000000000444e-01 9.000000000000000222e-01
-2.965000000000000302e+00 2.000000000000000111e-01 8.000000000000000444e-01 9.000000000000000222e-01
-2.955000000000000071e+00 2.000000000000000111e-01 8.000000000000000444e-01 9.000000000000000222e-01
-2.945000000000000284e+00 2.000000000000000111e-01 8.000000000000000444e-01 9.000000000000000222e-01
-2.935000000000000053e+00 2.000000000000000111e-01 8.000000000000000444e-01 9.000000000000000222e-01
-2.925000000000000266e+00 2.000000000000000111e-01 8.000000000000000444e-01 9.000000000000000222e-01
-2.915000000000000036e+00 2.000000000000000111e-01 8.000000000000000444e-01 9.000000000000000222e-01
-2.905000000000000249e+00 2.000000000000000111e-01 8.000000000000000444e-01 9.000000000000000222e-01
-2.895000000000000018e+00 2.000000000000000111e-01 8.000000000000000444e-01 9.000000000000000222e-01
-2.885000000000000231e+00 2.000000000000000111e-01 8.000000000000000444e-01 9.000000000000000222e-01
-2.875000000000000000e+00 2.000000000000000111e-01 8.000000000000000444e-01 9.000000000000000222e-01
-2.865000000000000213e+00 2.000000000000000111e-01 8.000000000000000444e-01 9.000000000000000222e-01
-2.854999999999999982e+00 2.000000000000000111e-01 8.000000000000000444e-01 9.000000000000000222e-01
-2.845000000000000195e+00 2.000000000000000111e-01 8.000000000000000444e-01 9.000000000000000222e-01
-2.834999999999999964e+00 2.000000000000000111e-01 8.000000000000000444e-01 9.000000000000000222e-01
-2.825000000000000178e+00 2.000000000000000111e-01 8.000000000000000444e-01 9.000000000000000222e-01
-2.814999999999999947e+00 2.000000000000000111e-01 8.000000000000000444e-01 9.000000000000000222e-01
-2.805000000000000160e+00 2.000000000000000111e-01 8.000000000000000444e-01 9.000000000000000222e-01
-2.794999999999999929e+00 2.000000000000000111e-01 8.000000000000000444e-01 9.000000000000000222e-01
-2.785000000000000142e+00 2.000000000000000111e-01 8.000000000000000444e-01 9.000000000000000222e-01
-2.774999999999999911e+00 2.000000000000000111e-01 8.000000000000000444e-01 9.000000000000000222e-01
-2.765000000000000124e+00 2.000000000000000111e-01 8.000000000000000444e-01 9.000000000000000222e-01
-2.754999999999999893e+00 2.000000000000000111e-01 8.000000000000000444e-01 9.000000000000000222e-01
-2.745000000000000107e+00 2.000000000000000111e-01 8.000000000000000444e-01 9.000000000000000222e-01
-2.735000000000000320e+00 2.000000000000000111e-01 8.000000000000000444e-01 9.000000000000000222e-01
-2.725000000000000089e+00 2.000000000000000111e-01 8.000000000000000444e-01 9.000000000000000222e-01
-2.714999999999999858e+00 2.000000000000000111e-01 8.000000000000000444e-01 9.000000000000000222e-01
-2.705000000000000071e+00 2.000000000000000111e-01 8.000000000000000444e-01 9.000000000000000222e-01
-2.695000000000000284e+00 2.000000000000000111e-01 8.000000000000000444e-01 9.000000000000000222e-01
-2.685000000000000053e+00 2.000000000000000111e-01 8.000000000000000444e-01 9.000000000000000222e-01
-2.675000000000000266e+00 2.000000000000000111e-01 8.000000000000000444e-01 9.000000000000000222e-01
-2.665000000000000036e+00 2.000000000000000111e-01 8.000000000000000444e-01 9.000000000000000222e-01
-2.655000000000000249e+00 2.000000000000000111e-01 8.000000000000000444e-01 9.000000000000000222e-01
-2.645000000000000018e+00 2.000000000000000111e-01 8.000000000000000444e-01 9.000000000000000222e-01
-2.635000000000000231e+00 2.000000000000000111e-01 8.000000000000000444e-01 9.000000000000000222e-01
-2.625000000000000000e+00 2.000000000000000111e-01 8.000000000000000444e-01 9.000000000000000222e-01
-2.615000000000000213e+00 2.000000000000000111e-01 8.000000000000000444e-01 9.000000000000000222e-01
-2.604999999999999982e+00 2.000000000000000111e-01 8.000000000000000444e-01 9.000000000000000222e-01
-2.595000000000000195e+00 2.000000000000000111e-01 8.000000000000000444e-01 9.000000000000000222e-01
-2.584999999999999964e+00 2.000000000000000111e-01 8.000000000000000444e-01 9.000000000000000222e-01
-2.575000000000000178e+00 2.000000000000000111e-01 8.000000000000000444e-01 9.000000000000000222e-01
-2.564999999999999947e+00 2.000000000000000111e-01 8.000000000000000444e-01 9.000000000000000222e-01
-2.555000000000000160e+00 2.000000000000000111e-01 8.000000000000000444e-01 9.000000000000000222e-01
-2.544999999999999929e+00 2.000000000000000111e-01 8.000000000000000444e-01 9.000000000000000222e-01
-2.535000000000000142e+00 2.000000000000000111e-01 8.000000000000000444e-01 9.000000000000000222e-01
-2.524999999999999911e+00 2.000000000000000111e-01 8.000000000000000444e-01 9.000000000000000222e-01
-2.515000000000000124e+00 2.000000000000000111e-01 8.000000000000000444e-01 9.000000000000000222e-01
-2.504999999999999893e+00 2.000000000000000111e-01 8.000000000000000444e-01 9.000000000000000222e-01
-2.495000000000000107e+00 2.000000000000000111e-01 8.000000000000000444e-01 9.000000000000000222e-01
-2.485000000000000320e+00 2.000000000000000111e-01 8.000000000000000444e-01 9.000000000000000222e-01
-2.475000000000000089e+00 2.000000000000000111e-01 8.000000000000000444e-01 9.000000000000000222e-01
-2.464999999999999858e+00 2.000000000000000111e-01 8.000000000000000444e-01 9.000000000000000222e-01
-2.455000000000000071e+00 2.000000000000000111e-01 8.000000000000000444e-01 9.000000000000000222e-01
-2.445000000000000284e+00 2.000000000000000111e-01 8.000000000000000444e-01 9.000000000000000222e-01
-2.435000000000000053e+00 2.000000000000000111e-01 8.000000000000000444e-01 9.000000000000000222e-01
-2.424999999999999822e+00 2.000000000000000111e-01 8.000000000000000444e-01 9.000000000000000222e-01
-2.415000000000000036e+00 2.000000000000000111e-01 8.000000000000000444e-01 9.000000000000000222e-01
-2.405000000000000249e+00 2.000000000000000111e-01 8.000000000000000444e-01 9.000000000000000222e-01
-2.395000000000000018e+00 2.000000000000000111e-01 8.000000000000000444e-01 9.000000000000000222e-01
-2.385000000000000231e+00 2.000000000000000111e-01 8.000000000000000444e-01 9.000000000000000222e-01
-2.375000000000000000e+00 2.000000000000000111e-01 8.000000000000000444e-01 9.000000000000000222e-01
-2.365000000000000213e+00 2.000000000000000111e-01 8.000000000000000444e-01 9.000000000000000222e-01
-2.354999999999999982e+00 2.000000000000000111e-01 8.000000000000000444e-01 9.000000000000000222e-01
-2.345000000000000195e+00 2.000000000000000111e-01 8.000000000000000444e-01 9.000000000000000222e-01
-2.334999999999999964e+00 2.000000000000000111e-01 8.000000000000000444e-01 9.000000000000000222e-01
-2.325000000000000178e+00 2.000000000000000111e-01 8.000000000000000444e-01 9.000000000000000222e-01
-2.314999999999999947e+00 2.000000000000000111e-01 8.000000000000000444e-01 9.000000000000000222e-01
-2.305000000000000160e+00 2.000000000000000111e-01 8.000000000000000444e-01 9.000000000000000222e-01
-2.294999999999999929e+00 2.000000000000000111e-01 8.000000000000000444e-01 9.000000000000000222e-01
-2.285000000000000142e+00 2.000000000000000111e-01 8.000000000000000444e-01 9.000000000000000222e-01
-2.275000000000000355e+00 2.000000000000000111e-01 8.000000000000000444e-01 9.000000000000000222e-01
-2.265000000000000124e+00 2.000000000000000111e-01 8.000000000000000444e-01 9.000000000000000222e-01
-2.254999999999999893e+00 2.000000000000000111e-01 8.000000000000000444e-01 9.000000000000000222e-01
-2.245000000000000107e+00 2.000000000000000111e-01 8.000000000000000444e-01 9.000000000000000222e-01
-2.235000000000000320e+00 2.000000000000000111e-01 8.000000000000000444e-01 9.000000000000000222e-01
-2.225000000000000089e+00 2.000000000000000111e-01 8.000000000000000444e-01 9.000000000000000222e-01
-2.214999999999999858e+00 2.000000000000000111e-01 8.000000000000000444e-01 9.000000000000000222e-01
-2.205000000000000071e+00 2.000000000000000111e-01 8.000000000000000444e-01 9.000000000000000222e-01
-2.195000000000000284e+00 2.000000000000000111e-01 8.000000000000000444e-01 9.000000000000000222e-01
-2.185000000000000053e+00 2.000000000000000111e-01 8.000000000000000444e-01 9.000000000000000222e-01
-2.174999999999999822e+00 2.000000000000000111e-01 8.000000000000000444e-01 9.000000000000000222e-01
-2.165000000000000036e+00 2.000000000000000111e-01 8.000000000000000444e-01 9.000000000000000222e-01
-2.155000000000000249e+00 2.000000000000000111e-01 8.000000000000000444e-01 9.000000000000000222e-01
-2.145000000000000018e+00 2.000000000000000111e-01 8.000000000000000444e-01 9.000000000000000222e-01
-2.135000000000000231e+00 2.000000000000000111e-01 8.000000000000000444e-01 9.000000000000000222e-01
-2.125000000000000000e+00 2.000000000000000111e-01 8.000000000000000444e-01 9.000000000000000222e-01
-2.115000000000000213e+00 2.000000000000000111e-01 8.000000000000000444e-01 9.000000000000000222e-01
-2.104999999999999982e+00 2.000000000000000111e-01 8.000000000000000444e-01 9.000000000000000222e-01
-2.095000000000000195e+00 2.000000000000000111e-01 8.000000000000000444e-01 9.000000000000000222e-01
-2.084999999999999964e+00 2.000000000000000111e-01 8.000000000000000444e-01 9.000000000000000222e-01
-2.075000000000000178e+00 2.000000000000000111e-01 8.000000000000000444e-01 9.000000000000000222e-01
-2.064999999999999947e+00 2.000000000000000111e-01 8.000000000000000444e-01 9.000000000000000222e-01
-2.055000000000000160e+00 2.000000000000000111e-01 8.000000000000000444e-01 9.000000000000000222e-01
-2.044999999999999929e+00 2.000000000000000111e-01 8.000000000000000444e-01 9.000000000000000222e-01
-2.035000000000000142e+00 2.000000000000000111e-01 8.000000000000000444e-01 9.000000000000000222e-01
-2.025000000000000355e+00 2.000000000000000111e-01 8.000000000000000444e-01 9.000000000000000222e-01
-2.015000000000000124e+00 2.000000000000000111e-01 8.000000000000000444e-01 9.000000000000000222e-01
-2.004999999999999893e+00 2.000000000000000111e-01 8.000000000000000444e-01 9.000000000000000222e-01
-1.995000000000000107e+00 2.000000000000000111e-01 8.000000000000000444e-01 9.000000000000000222e-01
-1.985000000000000098e+00 2.000000000000000111e-01 8.000000000000000444e-01 9.000000000000000222e-01
-1.975000000000000089e+00 2.000000000000000111e-01 8.000000000000000444e-01 9.000000000000000222e-01
-1.965000000000000080e+00 2.000000000000000111e-01 8.000000000000000444e-01 9.000000000000000222e-01
-1.955000000000000071e+00 2.000000000000000111e-01 8.000000000000000444e-01 9.000000000000000222e-01
-1.945000000000000062e+00 2.000000000000000111e-01 8.000000000000000444e-01 9.000000000000000222e-01
-1.935000000000000053e+00 2.000000000000000111e-01 8.000000000000000444e-01 9.000000000000000222e-01
-1.925000000000000044e+00 2.000000000000000111e-01 8.000000000000000444e-01 9.000000000000000222e-01
-1.915000000000000036e+00 2.000000000000000111e-01 8.000000000000000444e-01 9.000000000000000222e-01
-1.905000000000000027e+00 2.000000000000000111e-01 8.000000000000000444e-01 9.000000000000000222e-01
-1.895000000000000018e+00 2.000000000000000111e-01 8.000000000000000444e-01 9.000000000000000222e-01
-1.885000000000000009e+00 2.000000000000000111e-01 8.000000000000000444e-01 9.000000000000000222e-01
-1.875000000000000000e+00 2.000000000000000111e-01 8.000000000000000444e-01 9.000000000000000222e-01
-1.864999999999999991e+00 2.000000000000000111e-01 8.000000000000000444e-01 9.000000000000000222e-01
-1.854999999999999982e+00 2.000000000000000111e-01 8.000000000000000444e-01 9.000000000000000222e-01
-1.844999999999999973e+00 2.000000000000000111e-01 8.000000000000000444e-01 9.000000000000000222e-01
-1.835000000000000187e+00 2.000000000000000111e-01 8.000000000000000444e-01 9.000000000000000222e-01
-1.825000000000000178e+00 2.000000000000000111e-01 8.000000000000000444e-01 9.000000000000000222e-01
-1.815000000000000169e+00 2.000000000000000111e-01 8.000000000000000444e-01 9.000000000000000222e-01
-1.805000000000000160e+00 2.000000000000000111e-01 8.000000000000000444e-01 9.000000000000000222e-01
-1.795000000000000151e+00 2.000000000000000111e-01 8.000000000000000444e-01 9.000000000000000222e-01
-1.785000000000000142e+00 2.000000000000000111e-01 8.000000000000000444e-01 9.000000000000000222e-01
-1.775000000000000133e+00 2.000000000000000111e-01 8.000000000000000444e-01 9.000000000000000222e-01
-1.765000000000000124e+00 2.000000000000000111e-01 8.000000000000000444e-01 9.000000000000000222e-01
-1.755000000000000115e+00 2.000000000000000111e-01 8.000000000000000444e-01 9.000000000000000222e-01
-1.745000000000000107e+00 2.000000000000000111e-01 8.000000000000000444e-01 9.000000000000000222e-01
-1.735000000000000098e+00 2.000000000000000111e-01 8.000000000000000444e-01 9.000000000000000222e-01
-1.725000000000000089e+00 2.000000000000000111e-01 8.000000000000000444e-01 9.000000000000000222e-01
-1.715000000000000080e+00 2.000000000000000111e-01 8.000000000000000444e-01 9.000000000000000222e-01
-1.705000000000000071e+00 2.000000000000000111e-01 8.000000000000000444e-01 9.000000000000000222e-01
-1.695000000000000062e+00 2.000000000000000111e-01 8.000000000000000444e-01 9.000000000000000222e-01
-1.685000000000000053e+00 2.000000000000000111e-01 8.000000000000000444e-01 9.000000000000000222e-01
-1.675000000000000044e+00 2.000000000000000111e-01 8.000000000000000444e-01 9.000000000000000222e-01
-1.665000000000000036e+00 2.000000000000000111e-01 8.000000000000000444e-01 9.000000000000000222e-01
-1.655000000000000027e+00 2.000000000000000111e-01 8.000000000000000444e-01 9.000000000000000222e-01
-1.645000000000000018e+00 2.000000000000000111e-01 8.000000000000000444e-01 9.000000000000000222e-01
-1.635000000000000009e+00 2.000000000000000111e-01 8.000000000000000444e-01 9.000000000000000222e-01
-1.625000000000000000e+00 2.000000000000000111e-01 8.000000000000000444e-01 9.000000000000000222e-01
-1.614999999999999991e+00 2.000000000000000111e-01 8.000000000000000444e-01 9.000000000000000222e-01
-1.604999999999999982e+00 2.000000000000000111e-01 8.000000000000000444e-01 9.000000000000000222e-01
-1.594999999999999973e+00 2.000000000000000111e-01 8.000000000000000444e-01 9.000000000000000222e-01
-1.585000000000000187e+00 2.000000000000000111e-01 8.000000000000000444e-01 9.000000000000000222e-01
-1.575000000000000178e+00 2.000000000000000111e-01 8.000000000000000444e-01 9.000000000000000222e-01
-1.565000000000000169e+00 2.000000000000000111e-01 8.000000000000000444e-01 9.000000000000000222e-01
-1.555000000000000160e+00 2.000000000000000111e-01 8.000000000000000444e-01 9.000000000000000222e-01
-1.545000000000000151e+00 2.000000000000000111e-01 8.000000000000000444e-01 9.000000000000000222e-01
-1.535000000000000142e+00 2.000000000000000111e-01 8.000000000000000444e-01 9.000000000000000222e-01
-1.525000000000000133e+00 2.000000000000000111e-01 8.000000000000000444e-01 9.000000000000000222e-01
-1.515000000000000124e+00 2.000000000000000111e-01 8.000000000000000444e-01 9.000000000000000222e-01
-1.505000000000000115e+00 2.000000000000000111e-01 8.000000000000000444e-01 9.000000000000000222e-01
-1.495000000000000107e+00 2.000000000000000111e-01 8.000000000000000444e-01 9.000000000000000222e-01
-1.485000000000000098e+00 2.000000000000000111e-01 8.000000000000000444e-01 9.000000000000000222e-01
-1.475000000000000089e+00 2.000000000000000111e-01 8.000000000000000444e-01 9.000000000000000222e-01
-1.465000000000000080e+00 2.000000000000000111e-01 8.000000000000000444e-01 9.000000000000000222e-01
-1.455000000000000071e+00 2.000000000000000111e-01 8.000000000000000444e-01 9.000000000000000222e-01
-1.445000000000000062e+00 2.000000000000000111e-01 8.000000000000000444e-01 9.000000000000000222e-01
-1.435000000000000053e+00 2.000000000000000111e-01 8.000000000000000444e-01 9.000000000000000222e-01
-1.425000000000000044e+00 2.000000000000000111e-01 8.000000000000000444e-01 9.000000000000000222e-01
-1.415000000000000036e+00 2.000000000000000111e-01 8.000000000000000444e-01 9.000000000000000222e-01
-1.405000000000000027e+00 2.000000000000000111e-01 8.000000000000000444e-01 9.000000000000000222e-01
-1.395000000000000018e+00 2.000000000000000111e-01 8.000000000000000444e-01 9.000000000000000222e-01
-1.385000000000000009e+00 2.000000000000000111e-01 8.000000000000000444e-01 9.000000000000000222e-01
-1.375000000000000000e+00 2.000000000000000111e-01 8.000000000000000444e-01 9.000000000000000222e-01
-1.364999999999999991e+00 2.000000000000000111e-01 8.000000000000000444e-01 9.000000000000000222e-01
-1.354999999999999982e+00 2.000000000000000111e-01 8.000000000000000444e-01 9.000000000000000222e-01
-1.344999999999999973e+00 2.000000000000000111e-01 8.000000000000000444e-01 9.000000000000000222e-01
-1.334999999999999964e+00 2.000000000000000111e-01 8.000000000000000444e-01 9.000000000000000222e-01
-1.325000000000000178e+00 2.000000000000000111e-01 8.000000000000000444e-01 9.000000000000000222e-01
-1.315000000000000169e+00 2.000000000000000111e-01 8.000000000000000444e-01 9.000000000000000222e-01
-1.305000000000000160e+00 2.000000000000000111e-01 8.000000000000000444e-01 9.000000000000000222e-01
-1.295000000000000151e+00 2.000000000000000111e-01 8.000000000000000444e-01 9.000000000000000222e-01
-1.285000000000000142e+00 2.000000000000000111e-01 8.000000000000000444e-01 9.000000000000000222e-01
-1.275000000000000133e+00 2.000000000000000111e-01 8.000000000000000444e-01 9.000000000000000222e-01
-1.265000000000000124e+00 2.000000000000000111e-01 8.000000000000000444e-01 9.000000000000000222e-01
-1.255000000000000115e+00 2.000000000000000111e-01 8.000000000000000444e-01 9.000000000000000222e-01
-1.245000000000000107e+00 2.000000000000000111e-01 8.000000000000000444e-01 9.000000000000000222e-01
-1.235000000000000098e+00 2.000000000000000111e-01 8.000000000000000444e-01 9.000000000000000222e-01
-1.225000000000000089e+00 2.000000000000000111e-01 8.000000000000000444e-01 9.000000000000000222e-01
-1.215000000000000080e+00 2.000000000000000111e-01 8.000000000000000444e-01 9.000000000000000222e-01
-1.205000000000000071e+00 2.000000000000000111e-01 8.000000000000000444e-01 9.000000000000000222e-01
-1.195000000000000062e+00 2.000000000000000111e-01 8.000000000000000444e-01 9.000000000000000222e-01
-1.185000000000000053e+00 2.000000000000000111e-01 8.000000000000000444e-01 9.000000000000000222e-01
-1.175000000000000044e+00 2.000000000000000111e-01 8.000000000000000444e-01 9.000000000000000222e-01
-1.165000000000000036e+00 2.000000000000000111e-01 8.000000000000000444e-01 9.000000000000000222e-01
-1.155000000000000027e+00 2.000000000000000111e-01 8.000000000000000444e-01 9.000000000000000222e-01
-1.145000000000000018e+00 2.000000000000000111e-01 8.000000000000000444e-01 9.000000000000000222e-01
-1.135000000000000009e+00 2.000000000000000111e-01 8.000000000000000444e-01 9.000000000000000222e-01
-1.125000000000000000e+00 2.000000000000000111e-01 8.000000000000000444e-01 9.000000000000000222e-01
-1.114999999999999991e+00 2.000000000000000111e-01 8.000000000000000444e-01 9.000000000000000222e-01
-1.104999999999999982e+00 2.000000000000000111e-01 8.000000000000000444e-01 9.000000000000000222e-01
-1.094999999999999973e+00 2.000000000000000111e-01 8.000000000000000444e-01 9.000000000000000222e-01
-1.084999999999999964e+00 2.000000000000000111e-01 8.000000000000000444e-01 9.000000000000000222e-01
-1.075000000000000178e+00 2.000000000000000111e-01 8.000000000000000444e-01 9.000000000000000222e-01
-1.065000000000000169e+00 2.000000000000000111e-01 8.000000000000000444e-01 9.000000000000000222e-01
-1.055000000000000160e+00 2.000000000000000111e-01 8.000000000000000444e-01 9.000000000000000222e-01
-1.045000000000000151e+00 2.000000000000000111e-01 8.000000000000000444e-01 9.000000000000000222e-01
-1.035000000000000142e+00 2.000000000000000111e-01 8.000000000000000444e-01 9.000000000000000222e-01
-1.025000000000000133e+00 2.000000000000000111e-01 8.000000000000000444e-01 9.000000000000000222e-01
-1.015000000000000124e+00 2.000000000000000111e-01 8.000000000000000444e-01 9.000000000000000222e-01
-1.005000000000000115e+00 2.000000000000000111e-01 8.000000000000000444e-01 9.000000000000000222e-01
-9.949999999999999956e-01 2.000000000000000111e-01 8.000000000000000444e-01 9.000000000000000222e-01
-9.849999999999997646e-01 2.000000000000000111e-01 8.000000000000000444e-01 9.000000000000000222e-01
-9.749999999999999778e-01 2.000000000000000111e-01 8.000000000000000444e-01 9.000000000000000222e-01
-9.649999999999997469e-01 2.000000000000000111e-01 8.000000000000000444e-01 9.000000000000000222e-01
-9.549999999999999600e-01 2.000000000000000111e-01 8.000000000000000444e-01 9.000000000000000222e-01
-9.450000000000001732e-01 2.000000000000000111e-01 8.000000000000000444e-01 9.000000000000000222e-01
-9.349999999999999423e-01 2.000000000000000111e-01 8.000000000000000444e-01 9.000000000000000222e-01
-9.250000000000001554e-01 2.000000000000000111e-01 8.000000000000000444e-01 9.000000000000000222e-01
-9.149999999999999245e-01 2.000000000000000111e-01 8.000000000000000444e-01 9.000000000000000222e-01
-9.050000000000001377e-01 2.000000000000000111e-01 8.000000000000000444e-01 9.000000000000000222e-01
-8.949999999999999067e-01 2.000000000000000111e-01 8.000000000000000444e-01 9.000000000000000222e-01
-8.850000000000001199e-01 2.000000000000000111e-01 8.000000000000000444e-01 9.000000000000000222e-01
-8.749999999999998890e-01 2.000000000000000111e-01 8.000000000000000444e-01 9.000000000000000222e-01
-8.650000000000001021e-01 2.000000000000000111e-01 8.000000000000000444e-01 9.000000000000000222e-01
-8.549999999999998712e-01 2.000000000000000111e-01 8.000000000000000444e-01 9.000000000000000222e-01
-8.450000000000000844e-01 2.000000000000000111e-01 8.000000000000000444e-01 9.000000000000000222e-01
-8.349999999999998535e-01 2.000000000000000111e-01 8.000000000000000444e-01 9.000000000000000222e-01
-8.250000000000000666e-01 2.000000000000000111e-01 8.000000000000000444e-01 9.000000000000000222e-01
-8.149999999999998357e-01 2.000000000000000111e-01 8.000000000000000444e-01 9.000000000000000222e-01
-8.050000000000000488e-01 2.000000000000000111e-01 8.000000000000000444e-01 9.000000000000000222e-01
-7.949999999999998179e-01 2.000000000000000111e-01 8.000000000000000444e-01 9.000000000000000222e-01
-7.850000000000000311e-01 2.000000000000000111e-01 8.000000000000000444e-01 9.000000000000000222e-01
-7.749999999999998002e-01 2.000000000000000111e-01 8.000000000000000444e-01 9.000000000000000222e-01
-7.650000000000000133e-01 2.000000000000000111e-01 8.000000000000000444e-01 9.000000000000000222e-01
-7.549999999999997824e-01 2.000000000000000111e-01 8.000000000000000444e-01 9.000000000000000222e-01
-7.449999999999999956e-01 2.000000000000000111e-01 8.000000000000000444e-01 9.000000000000000222e-01
-7.349999999999997646e-01 2.000000000000000111e-01 8.000000000000000444e-01 9.000000000000000222e-01
-7.249999999999999778e-01 2.000000000000000111e-01 8.000000000000000444e-01 9.000000000000000222e-01
-7.149999999999997469e-01 2.000000000000000111e-01 8.000000000000000444e-01 9.000000000000000222e-01
-7.049999999999999600e-01 2.000000000000000111e-01 8.000000000000000444e-01 9.000000000000000222e-01
-6.949999999999997291e-01 2.000000000000000111e-01 8.000000000000000444e-01 9.000000000000000222e-01
-6.849999999999999423e-01 2.000000000000000111e-01 8.000000000000000444e-01 9.000000000000000222e-01
-6.750000000000001554e-01 2.000000000000000111e-01 8.000000000000000444e-01 9.000000000000000222e-01
-6.649999999999999245e-01 2.000000000000000111e-01 8.000000000000000444e-01 9.000000000000000222e-01
-6.550000000000001377e-01 2.000000000000000111e-01 8.000000000000000444e-01 9.000000000000000222e-01
-6.449999999999999067e-01 2.000000000000000111e-01 8.000000000000000444e-01 9.000000000000000222e-01
-6.350000000000001199e-01 2.000000000000000111e-01 8.000000000000000444e-01 9.000000000000000222e-01
-6.249999999999998890e-01 2.000000000000000111e-01 8.000000000000000444e-01 9.000000000000000222e-01
-6.150000000000001021e-01 2.000000000000000111e-01 8.000000000000000444e-01 9.000000000000000222e-01
-6.049999999999998712e-01 2.000000000000000111e-01 8.000000000000000444e-01 9.000000000000000222e-01
-5.950000000000000844e-01 2.000000000000000111e-01 8.000000000000000444e-01 9.000000000000000222e-01
-5.849999999999998535e-01 2.000000000000000111e-01 8.000000000000000444e-01 9.000000000000000222e-01
-5.750000000000000666e-01 2.000000000000000111e-01 8.000000000000000444e-01 9.000000000000000222e-01
-5.649999999999998357e-01 2.000000000000000111e-01 8.000000000000000444e-01 9.000000000000000222e-01
-5.550000000000000488e-01 2.000000000000000111e-01 8.000000000000000444e-01 9.000000000000000222e-01
-5.449999999999998179e-01 2.000000000000000111e-01 8.000000000000000444e-01 9.000000000000000222e-01
-5.350000000000000311e-01 2.000000000000000111e-01 8.000000000000000444e-01 9.000000000000000222e-01
-5.249999999999998002e-01 2.000000000000000111e-01 8.000000000000000444e-01 9.000000000000000222e-01
-5.150000000000000133e-01 2.000000000000000111e-01 8.000000000000000444e-01 9.000000000000000222e-01
-5.049999999999997824e-01 2.000000000000000111e-01 8.000000000000000444e-01 9.000000000000000222e-01
-4.949999999999999956e-01 2.000000000000000111e-01 8.000000000000000444e-01 9.000000000000000222e-01
-4.849999999999997646e-01 2.000000000000000111e-01 8.000000000000000444e-01 9.000000000000000222e-01
-4.749999999999999778e-01 2.000000000000000111e-01 8.000000000000000444e-01 9.000000000000000222e-01
-4.649999999999997469e-01 2.000000000000000111e-01 8.000000000000000444e-01 9.000000000000000222e-01
-4.549999999999999600e-01 2.000000000000000111e-01 8.000000000000000444e-01 9.000000000000000222e-01
-4.449999999999997291e-01 2.000000000000000111e-01 8.000000000000000444e-01 9.000000000000000222e-01
-4.349999999999999423e-01 2.000000000000000111e-01 8.000000000000000444e-01 9.000000000000000222e-01
-4.250000000000001554e-01 2.000000000000000111e-01 8.000000000000000444e-01 9.000000000000000222e-01
-4.149999999999999245e-01 2.000000000000000111e-01 8.000000000000000444e-01 9.000000000000000222e-01
-4.050000000000001377e-01 2.000000000000000111e-01 8.000000000000000444e-01 9.000000000000000222e-01
-3.949999999999999067e-01 2.000000000000000111e-01 8.000000000000000444e-01 9.000000000000000222e-01
-3.850000000000001199e-01 2.000000000000000111e-01 8.000000000000000444e-01 9.000000000000000222e-01
-3.749999999999998890e-01 2.000000000000000111e-01 8.000000000000000444e-01 9.000000000000000222e-01
-3.650000000000001021e-01 2.000000000000000111e-01 8.000000000000000444e-01 9.000000000000000222e-01
-3.549999999999998712e-01 2.000000000000000111e-01 8.000000000000000444e-01 9.000000000000000222e-01
-3.450000000000000844e-01 2.000000000000000111e-01 8.000000000000000444e-01 9.000000000000000222e-01
-3.349999999999998535e-01 2.000000000000000111e-01 8.000000000000000444e-01 9.000000000000000222e-01
-3.250000000000000666e-01 2.000000000000000111e-01 8.000000000000000444e-01 9.000000000000000222e-01
-3.149999999999998357e-01 2.000000000000000111e-01 8.000000000000000444e-01 9.000000000000000222e-01
-3.050000000000000488e-01 2.000000000000000111e-01 8.000000000000000444e-01 9.000000000000000222e-01
-2.949999999999998179e-01 2.000000000000000111e-01 8.000000000000000444e-01 9.000000000000000222e-01
-2.850000000000000311e-01 2.000000000000000111e-01 8.000000000000000444e-01 9.000000000000000222e-01
-2.749999999999998002e-01 2.000000000000000111e-01 8.000000000000000444e-01 9.000000000000000222e-01
-2.650000000000000133e-01 2.000000000000000111e-01 8.000000000000000444e-01 9.000000000000000222e-01
-2.549999999999997824e-01 2.000000000000000111e-01 8.000000000000000444e-01 9.000000000000000222e-01
-2.449999999999999956e-01 2.000000000000000111e-01 8.000000000000000444e-01 9.000000000000000222e-01
-2.349999999999997646e-01 2.000000000000000111e-01 8.000000000000000444e-01 9.000000000000000222e-01
-2.249999999999999778e-01 2.000000000000000111e-01 8.000000000000000444e-01 9.000000000000000222e-01
-2.149999999999997469e-01 2.000000000000000111e-01 8.000000000000000444e-01 9.000000000000000222e-01
-2.049999999999999600e-01 2.000000000000000111e-01 8.000000000000000444e-01 9.000000000000000222e-01
-1.949999999999997291e-01 2.000000000000000111e-01 8.000000000000000444e-01 9.000000000000000222e-01
-1.849999999999999423e-01 2.000000000000000111e-01 8.000000000000000444e-01 9.000000000000000222e-01
-1.750000000000001554e-01 2.000000000000000111e-01 8.000000000000000444e-01 9.000000000000000222e-01
-1.649999999999999245e-01 2.000000000000000111e-01 8.000000000000000444e-01 9.000000000000000222e-01
-1.550000000000001377e-01 2.000000000000000111e-01 8.000000000000000444e-01 9.000000000000000222e-01
-1.449999999999999067e-01 2.000000000000000111e-01 8.000000000000000444e-01 9.000000000000000222e-01
-1.350000000000001199e-01 2.000000000000000111e-01 8.000000000000000444e-01 9.000000000000000222e-01
-1.249999999999998890e-01 2.000000000000000111e-01 8.000000000000000444e-01 9.000000000000000222e-01
-1.150000000000001021e-01 2.000000000000000111e-01 8.000000000000000444e-01 9.000000000000000222e-01
-1.049999999999998712e-01 2.000000000000000111e-01 8.000000000000000444e-01 9.000000000000000222e-01
-9.500000000000008438e-02 2.000000000000000111e-01 8.000000000000000444e-01 9.000000000000000222e-01
-8.499999999999985345e-02 2.000000000000000111e-01 8.000000000000000444e-01 9.000000000000000222e-01
-7.500000000000006661e-02 2.000000000000000111e-01 8.000000000000000444e-01 9.000000000000000222e-01
-6.499999999999983569e-02 2.000000000000000111e-01 8.000000000000000444e-01 9.000000000000000222e-01
-5.500000000000005579e-02 2.000000000000000111e-01 8.000000000000000444e-01 9.000000000000000222e-01
-4.499999999999982486e-02 2.000000000000000111e-01 8.000000000000000444e-01 9.000000000000000222e-01
-3.500000000000003803e-02 2.000000000000000111e-01 8.000000000000000444e-01 9.000000000000000222e-01
-2.499999999999980363e-02 2.000000000000000111e-01 8.000000000000000444e-01 9.000000000000000222e-01
-1.500000000000001679e-02 2.000000000000000111e-01 8.000000000000000444e-01 9.000000000000000222e-01
-4.999999999999786733e-03 2.000000000000000111e-01 8.000000000000000444e-01 9.000000000000000222e-01
5.000000000000000104e-03 2.000000000000000389e-01 7.999999999999998224e-01 9.000000000000004663e-01
1.500000000000023190e-02 2.000000000000000666e-01 7.999999999999998224e-01 9.000000000000006883e-01
2.500000000000001874e-02 2.000000000000000666e-01 7.999999999999999334e-01 9.000000000000009104e-01
3.500000000000024619e-02 2.000000000000000944e-01 7.999999999999998224e-01 9.000000000000012434e-01
4.500000000000003303e-02 2.000000000000000944e-01 7.999999999999998224e-01 9.000000000000015765e-01
5.500000000000026396e-02 2.000000000000000666e-01 7.999999999999999334e-01 9.000000000000016875e-01
6.500000000000005773e-02 2.000000000000000666e-01 8.000000000000002665e-01 9.000000000000015765e-01
7.500000000000028866e-02 2.000000000000000666e-01 8.000000000000001554e-01 9.000000000000020206e-01
8.500000000000007550e-02 2.000000000000000666e-01 8.000000000000002665e-01 9.000000000000021316e-01
9.499999999999986233e-02 2.000000000000000666e-01 8.000000000000002665e-01 9.000000000000024647e-01
1.050000000000000933e-01 2.000000000000000944e-01 8.000000000000003775e-01 9.000000000000025757e-01
1.149999999999998801e-01 2.000000000000000944e-01 8.000000000000002665e-01 9.000000000000029088e-01
1.250000000000001110e-01 2.000000000000001221e-01 8.000000000000000444e-01 9.000000000000032419e-01
1.349999999999998979e-01 2.000000000000001776e-01 8.000000000000002665e-01 9.000000000000032419e-01
1.450000000000001288e-01 2.000000000000001499e-01 8.000000000000002665e-01 9.000000000000035749e-01
1.549999999999999156e-01 2.000000000000001776e-01 8.000000000000001554e-01 9.000000000000040190e-01
1.650000000000001465e-01 2.000000000000001776e-01 8.000000000000001554e-01 9.000000000000042411e-01
1.749999999999999334e-01 2.000000000000001499e-01 8.000000000000002665e-01 9.000000000000042411e-01
1.850000000000001643e-01 2.000000000000001221e-01 8.000000000000003775e-01 9.000000000000042411e-01
1.949999999999999512e-01 2.000000000000000944e-01 8.000000000000003775e-01 9.000000000000043521e-01
2.050000000000001821e-01 2.000000000000000666e-01 8.000000000000003775e-01 9.000000000000044631e-01
2.149999999999999689e-01 2.000000000000001221e-01 8.000000000000003775e-01 9.000000000000046851e-01
2.250000000000001998e-01 2.000000000000001221e-01 8.000000000000002665e-01 9.000000000000051292e-01
2.349999999999999867e-01 2.000000000000001499e-01 8.000000000000002665e-01 9.000000000000053513e-01
2.450000000000002176e-01 2.000000000000001499e-01 8.000000000000001554e-01 9.000000000000057954e-01
2.550000000000000044e-01 2.000000000000001499e-01 8.000000000000004885e-01 9.000000000000056843e-01
2.650000000000002354e-01 2.000000000000001499e-01 8.000000000000003775e-01 9.000000000000059064e-01
2.750000000000000222e-01 2.000000000000001499e-01 8.000000000000003775e-01 9.000000000000062395e-01
2.850000000000002531e-01 2.000000000000001776e-01 8.000000000000004885e-01 9.000000000000063505e-01
2.950000000000000400e-01 2.000000000000002054e-01 8.000000000000007105e-01 9.000000000000063505e-01
3.050000000000002709e-01 2.000000000000002054e-01 8.000000000000007105e-01 9.000000000000066835e-01
3.150000000000000577e-01 2.000000000000002331e-01 8.000000000000008216e-01 9.000000000000067946e-01
3.250000000000002887e-01 2.000000000000002331e-01 8.000000000000007105e-01 9.000000000000072387e-01
3.350000000000000755e-01 2.000000000000002331e-01 8.000000000000008216e-01 9.000000000000073497e-01
3.449999999999998623e-01 2.000000000000002609e-01 8.000000000000007105e-01 9.000000000000077938e-01
3.550000000000000933e-01 2.000000000000002887e-01 8.000000000000008216e-01 9.000000000000079048e-01
3.649999999999998801e-01 2.000000000000002887e-01 8.000000000000008216e-01 9.000000000000082379e-01
3.750000000000001110e-01 2.000000000000003164e-01 8.000000000000009326e-01 9.000000000000083489e-01
3.849999999999998979e-01 2.000000000000003164e-01 8.000000000000008216e-01 9.000000000000087930e-01
3.950000000000001288e-01 2.000000000000003442e-01 8.000000000000010436e-01 9.000000000000087930e-01
4.049999999999999156e-01 2.000000000000003164e-01 8.000000000000011546e-01 9.000000000000089040e-01
4.150000000000001465e-01 2.000000000000002887e-01 8.000000000000013767e-01 9.000000000000090150e-01
4.249999999999999334e-01 2.000000000000003164e-01 8.000000000000012657e-01 9.000000000000093481e-01
4.350000000000001643e-01 2.000000000000003164e-01 8.000000000000013767e-01 9.000000000000094591e-01
4.449999999999999512e-01 2.000000000000003164e-01 8.000000000000013767e-01 9.000000000000097922e-01
4.550000000000001821e-01 2.000000000000003164e-01 8.000000000000014877e-01 9.000000000000100142e-01
4.649999999999999689e-01 2.000000000000003442e-01 8.000000000000013767e-01 9.000000000000102363e-01
4.750000000000001998e-01 2.000000000000003442e-01 8.000000000000013767e-01 9.000000000000104583e-01
4.849999999999999867e-01 2.000000000000003442e-01 8.000000000000015987e-01 9.000000000000105693e-01
4.950000000000002176e-01 2.000000000000003442e-01 8.000000000000017097e-01 9.000000000000106803e-01
5.050000000000000044e-01 2.000000000000003442e-01 8.000000000000017097e-01 9.000000000000110134e-01
5.150000000000002354e-01 2.000000000000003719e-01 8.000000000000017097e-01 9.000000000000112355e-01
5.250000000000000222e-01 2.000000000000003442e-01 8.000000000000017097e-01 9.000000000000115685e-01
5.350000000000002531e-01 2.000000000000003719e-01 8.000000000000017097e-01 9.000000000000117906e-01
5.450000000000000400e-01 2.000000000000003997e-01 8.000000000000019318e-01 9.000000000000116795e-01
5.550000000000002709e-01 2.000000000000003719e-01 8.000000000000019318e-01 9.000000000000120126e-01
5.650000000000000577e-01 2.000000000000003442e-01 8.000000000000019318e-01 9.000000000000122347e-01
5.750000000000002887e-01 2.000000000000003997e-01 8.000000000000020428e-01 9.000000000000123457e-01
5.850000000000000755e-01 2.000000000000003997e-01 8.000000000000019318e-01 9.000000000000127898e-01
5.949999999999998623e-01 2.000000000000004274e-01 8.000000000000020428e-01 9.000000000000129008e-01
6.050000000000000933e-01 2.000000000000004274e-01 8.000000000000019318e-01 9.000000000000133449e-01
6.149999999999998801e-01 2.000000000000004552e-01 8.000000000000020428e-01 9.000000000000134559e-01
6.250000000000001110e-01 2.000000000000004552e-01 8.000000000000019318e-01 9.000000000000139000e-01
6.349999999999998979e-01 2.000000000000004829e-01 8.000000000000020428e-01 9.000000000000140110e-01
6.450000000000001288e-01 2.000000000000004829e-01 8.000000000000019318e-01 9.000000000000144551e-01
6.549999999999999156e-01 2.000000000000005107e-01 8.000000000000021538e-01 9.000000000000144551e-01
6.650000000000001465e-01 2.000000000000005107e-01 8.000000000000023759e-01 9.000000000000145661e-01
6.749999999999999334e-01 2.000000000000005385e-01 8.000000000000021538e-01 9.000000000000150102e-01
6.850000000000001643e-01 2.000000000000005385e-01 8.000000000000020428e-01 9.000000000000154543e-01
6.949999999999999512e-01 2.000000000000005662e-01 8.000000000000020428e-01 9.000000000000156763e-01
7.050000000000001821e-01 2.000000000000005662e-01 8.000000000000019318e-01 9.000000000000161204e-01
7.149999999999999689e-01 2.000000000000005662e-01 8.000000000000022649e-01 9.000000000000160094e-01
7.250000000000001998e-01 2.000000000000005662e-01 8.000000000000021538e-01 9.000000000000163425e-01
7.349999999999999867e-01 2.000000000000005662e-01 8.000000000000020428e-01 9.000000000000166755e-01
7.450000000000002176e-01 2.000000000000005940e-01 8.000000000000023759e-01 9.000000000000165645e-01
7.550000000000000044e-01 2.000000000000005940e-01 8.000000000000024869e-01 9.000000000000166755e-01
7.650000000000002354e-01 2.000000000000005940e-01 8.000000000000023759e-01 9.000000000000171196e-01
7.750000000000000222e-01 2.000000000000005940e-01 8.000000000000023759e-01 9.000000000000172307e-01
7.850000000000002531e-01 2.000000000000005662e-01 8.000000000000025979e-01 9.000000000000171196e-01
7.950000000000000400e-01 2.000000000000005662e-01 8.000000000000028200e-01 9.000000000000172307e-01
8.050000000000002709e-01 2.000000000000005940e-01 8.000000000000028200e-01 9.000000000000172307e-01
8.150000000000000577e-01 2.000000000000005940e-01 8.000000000000030420e-01 9.000000000000172307e-01
8.250000000000002887e-01 2.000000000000005940e-01 8.000000000000029310e-01 9.000000000000176748e-01
8.350000000000000755e-01 2.000000000000006217e-01 8.000000000000030420e-01 9.000000000000176748e-01
8.449999999999998623e-01 2.000000000000006217e-01 8.000000000000031530e-01 9.000000000000176748e-01
8.550000000000000933e-01 2.000000000000006495e-01 8.000000000000031530e-01 9.000000000000178968e-01
8.649999999999998801e-01 2.000000000000006495e-01 8.000000000000032641e-01 9.000000000000181188e-01
8.750000000000001110e-01 2.000000000000006772e-01 8.000000000000031530e-01 9.000000000000184519e-01
8.849999999999998979e-01 2.000000000000006772e-01 8.000000000000032641e-01 9.000000000000186740e-01
8.950000000000001288e-01 2.000000000000006772e-01 8.000000000000033751e-01 9.000000000000186740e-01
9.049999999999999156e-01 2.000000000000007050e-01 8.000000000000035971e-01 9.000000000000186740e-01
9.150000000000001465e-01 2.000000000000006772e-01 8.000000000000034861e-01 9.000000000000191180e-01
9.249999999999999334e-01 2.000000000000006772e-01 8.000000000000037081e-01 9.000000000000191180e-01
9.350000000000001643e-01 2.000000000000006772e-01 8.000000000000037081e-01 9.000000000000194511e-01
9.449999999999999512e-01 2.000000000000007050e-01 8.000000000000037081e-01 9.000000000000196732e-01
9.550000000000001821e-01 2.000000000000007050e-01 8.000000000000035971e-01 9.000000000000201172e-01
9.649999999999999689e-01 2.000000000000007327e-01 8.000000000000037081e-01 9.000000000000202283e-01
9.750000000000001998e-01 2.000000000000007327e-01 8.000000000000037081e-01 9.000000000000205613e-01
9.849999999999999867e-01 2.000000000000007327e-01 8.000000000000035971e-01 9.000000000000212275e-01
9.950000000000002176e-01 2.000000000000007327e-01 8.000000000000035971e-01 9.000000000000238920e-01
1.004999999999999893e+00 2.000000000000006217e-01 8.000000000000037081e-01 9.000000000000304423e-01
1.014999999999999680e+00 2.000000000000006495e-01 8.000000000000035971e-01 9.000000000000453193e-01
1.025000000000000355e+00 2.000000000000007605e-01 8.000000000000030420e-01 9.000000000000788480e-01
1.035000000000000142e+00 2.000000000000008993e-01 8.000000000000023759e-01 9.000000000001530109e-01
1.044999999999999929e+00 2.000000000000012879e-01 8.000000000000007105e-01 9.000000000003175460e-01
1.054999999999999716e+00 2.000000000000022315e-01 7.999999999999974909e-01 9.000000000006798118e-01
1.065000000000000391e+00 2.000000000000044242e-01 7.999999999999900524e-01 9.000000000014702906e-01
1.075000000000000178e+00 2.000000000000091982e-01 7.999999999999737321e-01 9.000000000031822545e-01
1.084999999999999964e+00 2.000000000000196343e-01 7.999999999999390932e-01 9.000000000068602013e-01
1.094999999999999751e+00 2.000000000000423106e-01 7.999999999998630429e-01 9.000000000147045931e-01
1.104999999999999538e+00 2.000000000000914380e-01 7.999999999996992850e-01 9.000000000313088666e-01
1.115000000000000213e+00 2.000000000001967426e-01 7.999999999993483435e-01 9.000000000662059518e-01
1.125000000000000000e+00 2.000000000004213407e-01 7.999999999985994981e-01 9.000000001390348059e-01
1.134999999999999787e+00 2.000000000008974321e-01 7.999999999970125453e-01 9.000000002899894991e-01
1.144999999999999574e+00 2.000000000019006574e-01 7.999999999936682205e-01 9.000000006007951026e-01
1.155000000000000249e+00 2.000000000040028092e-01 7.999999999866608258e-01 9.000000012365684254e-01
1.165000000000000036e+00 2.000000000083841101e-01 7.999999999720562860e-01 9.000000025288442673e-01
1.174999999999999822e+00 2.000000000174680659e-01 7.999999999417763963e-01 9.000000051392782474e-01
1.184999999999999609e+00 2.000000000362086860e-01 7.999999998793074774e-01 9.000000103805582130e-01
1.195000000000000284e+00 2.000000000746871287e-01 7.999999997510458538e-01 9.000000208419267622e-01
1.205000000000000071e+00 2.000000001533305816e-01 7.999999994889009924e-01 9.000000416016529226e-01
1.214999999999999858e+00 2.000000003133619864e-01 7.999999989554629209e-01 9.000000825642769930e-01
1.224999999999999645e+00 2.000000006376495554e-01 7.999999978745042650e-01 9.000001629414857707e-01
1.235000000000000320e+00 2.000000012921645809e-01 7.999999956927876799e-01 9.000003197960734225e-01
1.245000000000000107e+00 2.000000026081564519e-01 7.999999913061480727e-01 9.000006242448346239e-01
1.254999999999999893e+00 2.000000052445400911e-01 7.999999825182027013e-01 9.000012120180893582e-01
1.264999999999999680e+00 2.000000105078704460e-01 7.999999649737694618e-01 9.000023407773722894e-01
1.275000000000000355e+00 2.000000209811167440e-01 7.999999300629538901e-01 9.000044970123819432e-01
1.285000000000000142e+00 2.000000417560447996e-01 7.999998608132151690e-01 9.000085942388864613e-01
1.294999999999999929e+00 2.000000828426844457e-01 7.999997238578349101e-01 9.000163382427437408e-01
1.304999999999999716e+00 2.000001638689626604e-01 7.999994537705739095e-01 9.000308958466278764e-01
1.315000000000000391e+00 2.000003232261099440e-01 7.999989225813762816e-01 9.000581110564862541e-01
1.325000000000000178e+00 2.000006358246864402e-01 7.999978805911177604e-01 9.001087002492867972e-01
1.334999999999999964e+00 2.000012474869801438e-01 7.999958417360045759e-01 9.002021823532824207e-01
1.344999999999999751e+00 2.000024413916535460e-01 7.999918621271614461e-01 9.003738513697930879e-01
1.355000000000000426e+00 2.000047660514772951e-01 7.999841135403218395e-01 9.006870183389829032e-01
1.365000000000000213e+00 2.000092808342473216e-01 7.999690653213414882e-01 9.012542465403708958e-01
1.375000000000000000e+00 2.000180243322595142e-01 7.999399243065905551e-01 9.022736590830863213e-01
1.384999999999999787e+00 2.000349001253422243e-01 7.998836865456308010e-01 9.040899305946294984e-01
1.394999999999999574e+00 2.000673285458137163e-01 7.997756470407475504e-01 9.072944874804034221e-01
1.405000000000000249e+00 2.001292554960029946e-01 7.995694266165386255e-01 9.128854002440847104e-01
1.415000000000000036e+00 2.002464180910160374e-01 7.991796171491607481e-01 9.225126224313912049e-01
1.424999999999999822e+00 2.004649354152441276e-01 7.984538096757228809e-01 9.388334274141386659e-01
1.434999999999999609e+00 2.008636230711035309e-01 7.971336337298614572e-01 9.659848559217295572e-01
1.445000000000000284e+00 2.015674095821633760e-01 7.948159292039906898e-01 1.010125740185828347e+00
1.455000000000000071e+00 2.027523515270476528e-01 7.909500382895094939e-01 1.079890288562029843e+00
1.464999999999999858e+00 2.046249706239015032e-01 7.849318793309216780e-01 1.186434872852771827e+00
1.474999999999999645e+00 2.073636226248338765e-01 7.763262153325187764e-01 1.342632414778043293e+00
1.485000000000000320e+00 2.110411185470704165e-01 7.651217461851865798e-01 1.561044606821286207e+00
1.495000000000000107e+00 2.155826490342507007e-01 7.518122968799316741e-01 1.850703759952866179e+00
1.504999999999999893e+00 2.207967084613670361e-01 7.372070697783803528e-01 2.213325691665273709e+00
1.514999999999999680e+00 2.264546071189464382e-01 7.221194703417950223e-01 2.639994953477375894e+00
1.525000000000000355e+00 2.323626459915018316e-01 7.071490289000369467e-01 3.109379498921946094e+00
1.535000000000000142e+00 2.383965319390106974e-01 6.926255858206478155e-01 3.588204266994976077e+00
1.544999999999999929e+00 2.445034131546981182e-01 6.786563274502817045e-01 4.034220716410876761e+00
1.554999999999999716e+00 2.506895911709525748e-01 6.651995855799586188e-01 4.401378456329987365e+00
1.565000000000000391e+00 2.570074041059008940e-01 6.521251315586977793e-01 4.646416656043345306e+00
1.575000000000000178e+00 2.635473391818948241e-01 6.392512976247861634e-01 4.735730514677968017e+00
1.584999999999999964e+00 2.704370799621601540e-01 6.263623711856479703e-01 4.651216659441779200e+00
1.594999999999999751e+00 2.778478665743245313e-01 6.132122504444946776e-01 4.393914998045677756e+00
1.605000000000000426e+00 2.860088438706961944e-01 5.995193838374671680e-01 3.984638863270461240e+00
1.615000000000000213e+00 2.952308912554437725e-01 5.849572564476960279e-01 3.461349786811386942e+00
1.625000000000000000e+00 3.059416528499362964e-01 5.691462803161785322e-01 2.873665838702003317e+00
1.634999999999999787e+00 3.187304277507516104e-01 5.516596734767993393e-01 2.275450984907414043e+00
1.644999999999999574e+00 3.343870552682168817e-01 5.320728516032158240e-01 1.716795123855774152e+00
1.655000000000000249e+00 3.538709420856712695e-01 5.101185323312596998e-01 1.236797323218525202e+00
1.665000000000000036e+00 3.780255761357222966e-01 4.860431544420055205e-01 8.584337847040072189e-01
1.674999999999999822e+00 4.066921514999369824e-01 4.611816403183133795e-01 5.865387042879260937e-01
1.684999999999999609e+00 4.371986382383412639e-01 4.383053109922527835e-01 4.096290365439111958e-01
1.695000000000000284e+00 4.640613838647242861e-01 4.206516450250482042e-01 3.056594290105824063e-01
1.705000000000000071e+00 4.825488371509707441e-01 4.096438807186514874e-01 2.500930473716556635e-01
1.714999999999999858e+00 4.925456048509610496e-01 4.040358470095616883e-01 2.226531434052984593e-01
1.724999999999999645e+00 4.970582734445695983e-01 4.015782061313361018e-01 2.098905962052158569e-01
1.735000000000000320e+00 4.988861538478018831e-01 4.005953775992686650e-01 2.042068044177273722e-01
1.745000000000000107e+00 4.995864325804965089e-01 4.002207518819744791e-01 2.017540041770113091e-01
1.754999999999999893e+00 4.998478017818780428e-01 4.000811970991060007e-01 2.007200106383928151e-01
1.764999999999999680e+00 4.999442168966118372e-01 4.000297543080489349e-01 2.002918818550964708e-01
1.775000000000000355e+00 4.999795958611760738e-01 4.000108826514749971e-01 2.001171115474812134e-01
1.785000000000000142e+00 4.999925453850145307e-01 4.000039758539357115e-01 2.000465837725124707e-01
1.794999999999999929e+00 4.999972787346213532e-01 4.000014513494341561e-01 2.000183932684259647e-01
1.804999999999999716e+00 4.999990073159680803e-01 4.000005294325347238e-01 2.000072160233679897e-01
1.815000000000000391e+00 4.999996381205341067e-01 4.000001930025214869e-01 2.000028150657359449e-01
1.825000000000000178e+00 4.999998681643946230e-01 4.000000703123413603e-01 2.000010927012771944e-01
1.834999999999999964e+00 4.999999520029804745e-01 4.000000255984127451e-01 2.000004222377609608e-01
1.844999999999999751e+00 4.999999825376419960e-01 4.000000093132578538e-01 2.000001624938161082e-01
1.855000000000000426e+00 4.999999936511996812e-01 4.000000033860268145e-01 2.000000623004983269e-01
1.865000000000000213e+00 4.999999976933957035e-01 4.000000012301890284e-01 2.000000238038600608e-01
1.875000000000000000e+00 4.999999991625880269e-01 4.000000004466198189e-01 2.000000090658994867e-01
1.884999999999999787e+00 4.999999996962041227e-01 4.000000001620246382e-01 2.000000034424868900e-01
1.894999999999999574e+00 4.999999998898734255e-01 4.000000000587344284e-01 2.000000013034920476e-01
1.905000000000000249e+00 4.999999999601101308e-01 4.000000000212748374e-01 2.000000004922490027e-01
1.915000000000000036e+00 4.999999999855627153e-01 4.000000000076999740e-01 2.000000001854205511e-01
1.924999999999999822e+00 4.999999999947791762e-01 4.000000000027845171e-01 2.000000000696748326e-01
1.934999999999999609e+00 4.999999999981136756e-01 4.000000000010059953e-01 2.000000000261204780e-01
1.945000000000000284e+00 4.999999999993190447e-01 4.000000000003631762e-01 2.000000000097702513e-01
1.955000000000000071e+00 4.999999999997543076e-01 4.000000000001309175e-01 2.000000000036465664e-01
1.964999999999999858e+00 4.999999999999114597e-01 4.000000000000472067e-01 2.000000000013580637e-01
1.974999999999999645e+00 4.999999999999680256e-01 4.000000000000171752e-01 2.000000000005046907e-01
1.985000000000000320e+00 4.999999999999883982e-01 4.000000000000062950e-01 2.000000000001871669e-01
1.995000000000000107e+00 4.999999999999956146e-01 4.000000000000024092e-01 2.000000000000693445e-01
2.004999999999999893e+00 4.999999999999982792e-01 4.000000000000010214e-01 2.000000000000256573e-01
2.014999999999999680e+00 4.999999999999993339e-01 4.000000000000004108e-01 2.000000000000095590e-01
2.025000000000000355e+00 4.999999999999997224e-01 4.000000000000002442e-01 2.000000000000035083e-01
2.035000000000000142e+00 4.999999999999999445e-01 4.000000000000001887e-01 2.000000000000012601e-01
2.044999999999999929e+00 5.000000000000000000e-01 4.000000000000000222e-01 2.000000000000004552e-01
2.054999999999999716e+00 4.999999999999999445e-01 3.999999999999999667e-01 2.000000000000001499e-01
2.065000000000000391e+00 5.000000000000000000e-01 4.000000000000000777e-01 2.000000000000000111e-01
2.075000000000000178e+00 5.000000000000000000e-01 4.000000000000000777e-01 2.000000000000000111e-01
2.084999999999999964e+00 5.000000000000000000e-01 4.000000000000000777e-01 2.000000000000000111e-01
2.094999999999999751e+00 5.000000000000000000e-01 4.000000000000000777e-01 2.000000000000000111e-01
2.105000000000000426e+00 5.000000000000000000e-01 4.000000000000000777e-01 2.000000000000000111e-01
2.115000000000000213e+00 5.000000000000000000e-01 4.000000000000000777e-01 2.000000000000000111e-01
2.125000000000000000e+00 5.000000000000000000e-01 4.000000000000000777e-01 2.000000000000000111e-01
2.134999999999999787e+00 5.000000000000000000e-01 4.000000000000000777e-01 2.000000000000000111e-01
2.144999999999999574e+00 5.000000000000000000e-01 4.000000000000000777e-01 2.000000000000000111e-01
2.155000000000000249e+00 5.000000000000000000e-01 4.000000000000000777e-01 2.000000000000000111e-01
2.165000000000000036e+00 5.000000000000000000e-01 4.000000000000000777e-01 2.000000000000000111e-01
2.174999999999999822e+00 5.000000000000000000e-01 4.000000000000000777e-01 2.000000000000000111e-01
2.184999999999999609e+00 5.000000000000000000e-01 4.000000000000000777e-01 2.000000000000000111e-01
2.195000000000000284e+00 5.000000000000000000e-01 4.000000000000000777e-01 2.000000000000000111e-01
2.205000000000000071e+00 5.000000000000000000e-01 4.000000000000000777e-01 2.000000000000000111e-01
2.214999999999999858e+00 5.000000000000000000e-01 4.000000000000000777e-01 2.000000000000000111e-01
2.224999999999999645e+00 5.000000000000000000e-01 4.000000000000000777e-01 2.000000000000000111e-01
2.235000000000000320e+00 5.000000000000000000e-01 4.000000000000000777e-01 2.000000000000000111e-01
2.245000000000000107e+00 5.000000000000000000e-01 4.000000000000000777e-01 2.000000000000000111e-01
2.254999999999999893e+00 5.000000000000000000e-01 4.000000000000000777e-01 2.000000000000000111e-01
2.264999999999999680e+00 5.000000000000000000e-01 4.000000000000000777e-01 2.000000000000000111e-01
2.275000000000000355e+00 5.000000000000000000e-01 4.000000000000000777e-01 2.000000000000000111e-01
2.285000000000000142e+00 5.000000000000000000e-01 4.000000000000000777e-01 2.000000000000000111e-01
2.294999999999999929e+00 5.000000000000000000e-01 4.000000000000000777e-01 2.000000000000000111e-01
2.304999999999999716e+00 5.000000000000000000e-01 4.000000000000000777e-01 2.000000000000000111e-01
2.315000000000000391e+00 5.000000000000000000e-01 4.000000000000000777e-01 2.000000000000000111e-01
2.325000000000000178e+00 5.000000000000000000e-01 4.000000000000000777e-01 2.000000000000000111e-01
2.334999999999999964e+00 5.000000000000000000e-01 4.000000000000000777e-01 2.000000000000000111e-01
2.344999999999999751e+00 5.000000000000000000e-01 4.000000000000000777e-01 2.000000000000000111e-01
2.355000000000000426e+00 5.000000000000000000e-01 4.000000000000000777e-01 2.000000000000000111e-01
2.365000000000000213e+00 5.000000000000000000e-01 4.000000000000000777e-01 2.000000000000000111e-01
2.375000000000000000e+00 5.000000000000000000e-01 4.000000000000000777e-01 2.000000000000000111e-01
2.384999999999999787e+00 5.000000000000000000e-01 4.000000000000000777e-01 2.000000000000000111e-01
2.394999999999999574e+00 5.000000000000000000e-01 4.000000000000000777e-01 2.000000000000000111e-01
2.405000000000000249e+00 5.000000000000000000e-01 4.000000000000000777e-01 2.000000000000000111e-01
2.415000000000000036e+00 5.000000000000000000e-01 4.000000000000000777e-01 2.000000000000000111e-01
2.424999999999999822e+00 5.000000000000000000e-01 4.000000000000000777e-01 2.000000000000000111e-01
2.434999999999999609e+00 5.000000000000000000e-01 4.000000000000000777e-01 2.000000000000000111e-01
2.445000000000000284e+00 5.000000000000000000e-01 4.000000000000000777e-01 2.000000000000000111e-01
2.455000000000000071e+00 5.000000000000000000e-01 4.000000000000000777e-01 2.000000000000000111e-01
2.464999999999999858e+00 5.000000000000000000e-01 4.000000000000000777e-01 2.000000000000000111e-01
2.474999999999999645e+00 5.000000000000000000e-01 4.000000000000000777e-01 2.000000000000000111e-01
2.485000000000000320e+00 5.000000000000000000e-01 4.000000000000000777e-01 2.000000000000000111e-01
2.495000000000000107e+00 5.000000000000000000e-01 4.000000000000000777e-01 2.000000000000000111e-01
2.504999999999999893e+00 5.000000000000000000e-01 4.000000000000000777e-01 2.000000000000000111e-01
2.514999999999999680e+00 5.000000000000000000e-01 4.000000000000000777e-01 2.000000000000000111e-01
2.525000000000000355e+00 5.000000000000000000e-01 4.000000000000000777e-01 2.000000000000000111e-01
2.535000000000000142e+00 5.000000000000000000e-01 4.000000000000000777e-01 2.000000000000000111e-01
2.544999999999999929e+00 5.000000000000000000e-01 4.000000000000000777e-01 2.000000000000000111e-01
2.554999999999999716e+00 5.000000000000000000e-01 4.000000000000000777e-01 2.000000000000000111e-01
2.565000000000000391e+00 5.000000000000000000e-01 4.000000000000000777e-01 2.000000000000000111e-01
2.575000000000000178e+00 5.000000000000000000e-01 4.000000000000000777e-01 2.000000000000000111e-01
2.584999999999999964e+00 5.000000000000000000e-01 4.000000000000000777e-01 2.000000000000000111e-01
2.594999999999999751e+00 5.000000000000000000e-01 4.000000000000000777e-01 2.000000000000000111e-01
2.605000000000000426e+00 5.000000000000000000e-01 4.000000000000000777e-01 2.000000000000000111e-01
2.615000000000000213e+00 5.000000000000000000e-01 4.000000000000000777e-01 2.000000000000000111e-01
2.625000000000000000e+00 5.000000000000000000e-01 4.000000000000000777e-01 2.000000000000000111e-01
2.634999999999999787e+00 5.000000000000000000e-01 4.000000000000000777e-01 2.000000000000000111e-01
2.644999999999999574e+00 5.000000000000000000e-01 4.000000000000000777e-01 2.000000000000000111e-01
2.655000000000000249e+00 5.000000000000000000e-01 4.000000000000000777e-01 2.000000000000000111e-01
2.665000000000000036e+00 5.000000000000000000e-01 4.000000000000000777e-01 2.000000000000000111e-01
2.674999999999999822e+00 5.000000000000000000e-01 4.000000000000000777e-01 2.000000000000000111e-01
2.684999999999999609e+00 5.000000000000000000e-01 4.000000000000000777e-01 2.000000000000000111e-01
2.695000000000000284e+00 5.000000000000000000e-01 4.000000000000000777e-01 2.000000000000000111e-01
2.705000000000000071e+00 5.000000000000000000e-01 4.000000000000000777e-01 2.000000000000000111e-01
2.714999999999999858e+00 5.000000000000000000e-01 4.000000000000000777e-01 2.000000000000000111e-01
2.724999999999999645e+00 5.000000000000000000e-01 4.000000000000000777e-01 2.000000000000000111e-01
2.735000000000000320e+00 5.000000000000000000e-01 4.000000000000000777e-01 2.000000000000000111e-01
2.745000000000000107e+00 5.000000000000000000e-01 4.000000000000000777e-01 2.000000000000000111e-01
2.754999999999999893e+00 5.000000000000000000e-01 4.000000000000000777e-01 2.000000000000000111e-01
2.764999999999999680e+00 5.000000000000000000e-01 4.000000000000000777e-01 2.000000000000000111e-01
2.775000000000000355e+00 5.000000000000000000e-01 4.000000000000000777e-01 2.000000000000000111e-01
2.785000000000000142e+00 5.000000000000000000e-01 4.000000000000000777e-01 2.000000000000000111e-01
2.794999999999999929e+00 5.000000000000000000e-01 4.000000000000000777e-01 2.000000000000000111e-01
2.804999999999999716e+00 5.000000000000000000e-01 4.000000000000000777e-01 2.000000000000000111e-01
2.815000000000000391e+00 5.000000000000000000e-01 4.000000000000000777e-01 2.000000000000000111e-01
2.825000000000000178e+00 5.000000000000000000e-01 4.000000000000000777e-01 2.000000000000000111e-01
2.834999999999999964e+00 5.000000000000000000e-01 4.000000000000000777e-01 2.000000000000000111e-01
2.844999999999999751e+00 5.000000000000000000e-01 4.000000000000000777e-01 2.000000000000000111e-01
2.855000000000000426e+00 5.000000000000000000e-01 4.000000000000000777e-01 2.000000000000000111e-01
2.865000000000000213e+00 5.000000000000000000e-01 4.000000000000000777e-01 2.000000000000000111e-01
2.875000000000000000e+00 5.000000000000000000e-01 4.000000000000000777e-01 2.000000000000000111e-01
2.884999999999999787e+00 5.000000000000000000e-01 4.000000000000000777e-01 2.000000000000000111e-01
2.894999999999999574e+00 5.000000000000000000e-01 4.000000000000000777e-01 2.000000000000000111e-01
2.905000000000000249e+00 5.000000000000000000e-01 4.000000000000000777e-01 2.000000000000000111e-01
2.915000000000000036e+00 5.000000000000000000e-01 4.000000000000000777e-01 2.000000000000000111e-01
2.924999999999999822e+00 5.000000000000000000e-01 4.000000000000000777e-01 2.000000000000000111e-01
2.934999999999999609e+00 5.000000000000000000e-01 4.000000000000000777e-01 2.000000000000000111e-01
2.945000000000000284e+00 5.000000000000000000e-01 4.000000000000000777e-01 2.000000000000000111e-01
2.955000000000000071e+00 5.000000000000000000e-01 4.000000000000000777e-01 2.000000000000000111e-01
2.964999999999999858e+00 5.000000000000000000e-01 4.000000000000000777e-01 2.000000000000000111e-01
2.974999999999999645e+00 5.000000000000000000e-01 4.000000000000000777e-01 2.000000000000000111e-01
2.985000000000000320e+00 5.000000000000000000e-01 4.000000000000000777e-01 2.000000000000000111e-01
2.995000000000000107e+00 5.000000000000000000e-01 4.000000000000000777e-01 2.000000000000000111e-01
